1  0.00
2  0.00
3  0.00
4  0.00
5  0.00
6  0.00
7  0.00
8  0.00
9  0.00
10  0.00
11  0.00
12  0.00
13  0.00
14  0.00
15  0.00
16  0.00
17  0.00
18  0.00
19  0.00
20  0.00
21  0.00
22  0.00
23  0.00
24  0.00
25  0.00
26  0.00
27  0.00
28  0.00
29  0.00
30  0.00
31  0.00
32  0.00
33  0.00
34  0.00
35  0.00
36  0.00
37  0.00
38  0.00
39  0.00
40  0.00
41  0.00
42  0.00
43  0.00
44  0.00
45  0.00
46  0.00
47  0.00
48  0.00
49  0.00
50  0.00
51  0.00
52  0.00
53  0.00
54  0.00
55  0.00
56 5595.81
57 5595.81
58 5595.81
59 5595.81
60 5347.07
61 5353.75
62 5365.98
63 5373.13
64 5383.05
65 5381.85
66 5380.67
67 5382.42
68 5379.05
69 5383.45
70 5388.16
71 5387.07
72 5384.90
73 5384.55
74 5384.55
75 5388.78
76 5389.00
77 5386.63
78 5388.08
79 5388.81
80 5387.42
81 5386.79
82 5383.43
83 5384.49
84 5386.92
85 5386.98
86 5385.44
87 5383.94
88 5383.61
89 5384.25
90 5383.69
91 5384.20
92 5383.66
93 5382.94
94 5382.43
95 5382.97
96 5383.56
97 5383.70
98 5381.01
99 5385.09
100 5386.88
101 5388.00
102 5387.85
103 5490.03
104 5508.93
105 5516.59
106 5516.28
107 5514.77
108 5501.71
109 5497.38
110 5497.27
111 5508.39
112 5509.78
113 5505.13
114 5493.93
115 5489.41
116 5493.92
117 5495.52
118 5500.02
119 5484.65
120 5488.64
121 5489.07
122 5498.34
123 5494.54
124 5493.11
125 5489.45
126 5499.66
127 5496.92
128 5507.73
129 5500.92
130 5515.59
131 5518.40
132 5527.49
133 5523.55
134 5522.00
135 5520.26
136 5523.47
137 5523.65
138 5528.15
139 5522.78
140 5560.04
141 5644.37
142 5666.88
143 5680.20
144 5687.20
145 5689.76
146 5689.27
147 5693.19
148 5693.53
149 5691.59
150 5693.01
151 5691.43
152 5692.93
153 5694.11
154 5690.78
155 5691.38
156 5688.45
157 5687.77
158 5688.54
159 5688.58
160 5694.90
161 5690.28
162 5690.60
163 5686.57
164 5688.96
165 5690.98
166 5691.15
167 5687.46
168 5688.16
169 5685.41
170 5686.62
171 5687.31
172 5688.04
173 5690.95
174 5687.05
175 5687.53
176 5683.46
177 5684.78
178 5686.67
179 5684.35
180 5684.43
181 5686.09
182 5685.12
183  0.00
184  0.00
185  0.00
186  0.00
187  0.00
188  0.00
189  0.00
190  0.00
191  0.00
192  0.00
193  0.00
194  0.00
195  0.00
196  0.00
197  0.00
198  0.00
199  0.00
200  0.00
201  0.00
202  0.00
203  0.00
204  0.00
205  0.00
206  0.00
207  0.00
208  0.00
209  0.00
210  0.00
211  0.00
212  0.00
213  0.00
214  0.00
215  0.00
216  0.00
217  0.00
218  0.00
219  0.00
220  0.00
221 5652.76
222 5594.91
223 5691.53
224 5695.30
225 5693.76
226 5692.17
227 5690.10
228 5691.17
229 5694.45
230 5698.19
231 5697.65
232 5694.83
233 5698.31
234 5695.56
235 5700.63
236 5698.56
237 5695.39
238 5696.05
239 5694.25
240 5694.12
241 5691.43
242 5692.65
243 5693.99
244 5691.96
245 5689.85
246 5692.30
247 5692.01
248 5691.71
249 5690.36
250 5689.93
251 5694.71
252 5693.99
253 5696.05
254 5693.72
255 5693.87
256 5693.29
257 5659.05
258 5618.83
259 5603.05
260 5592.46
261 5613.77
262 5622.03
263 5627.73
264 5636.03
265 5633.65
266 5633.79
267 5615.49
268 5600.21
269 5587.54
270 5585.83
271 5591.09
272 5586.31
273 5573.70
274 5574.00
275 5572.14
276 5574.55
277 5578.56
278 5580.22
279 5575.82
280 5573.91
281 5569.40
282 5574.96
283 5571.02
284 5570.61
285 5566.14
286 5565.33
287 5567.70
288 5568.05
289 5567.51
290 5564.07
291 5560.50
292 5562.25
293 5566.92
294 5570.69
295 5561.84
296 5555.02
297 5557.86
298 5549.91
299 5560.29
300 5579.19
301 5566.86
302 5896.57
303 5895.23
304 5890.49
305 5889.94
306 5888.35
307 5890.31
308 5890.45
309 5891.13
310 5890.99
311 5890.13
312 5890.58
313 5890.73
314 5892.32
315 5891.24
316 5893.49
317 5890.73
318 5891.23
319 5893.59
320 5894.33
321 5893.00
322 5892.11
323 5890.94
324 5891.07
325 5890.16
326 5890.52
327 5890.63
328 5889.73
329 5891.73
330 5891.96
331 5890.16
332 5890.84
333 5891.05
334 5890.78
335 5890.48
336 5889.67
337 5891.92
338 5892.32
339 5890.12
340 5890.48
341 5890.14
342 5891.29
343 5889.00
344 5888.77
345 5889.45
346 5890.50
347 5889.65
348 5889.45
349 5890.11
350 5888.87
351 5889.70
352 5891.47
353 5890.59
354 5890.39
355 5889.45
356 5888.48
357 5890.90
358 5888.42
359 5888.52
360 5888.90
361 5889.69
362 5892.26
363 5890.85
364 5889.74
365 5888.21
366 5888.53
367 5888.49
368 5889.69
369 5889.70
370 5886.96
371 5887.26
372 5887.25
373 5888.49
374 5888.37
375 5888.33
376 5889.47
377 5890.91
378 5888.29
379 5887.07
380 5885.91
381 5889.59
382 5897.08
383 5893.60
384 5902.54
385 5902.79
386 5904.32
387 5887.94
388 5859.57
389 5882.63
390 5883.90
391 5886.10
392 5885.95
393 5886.34
394 5887.79
395 5889.74
396 5891.45
397 5888.89
398 5889.76
399 5889.90
400 5891.11
401 5892.19
402 5892.44
403 5893.77
404 5892.15
405 5893.18
406 5894.69
407 5892.95
408 5891.76
409 5888.98
410 5888.17
411 5887.33
412 5886.22
413 5885.13
414 5882.84
415 5882.41
416 5882.68
417 5880.86
418 5878.62
419 5879.09
420 5895.03
421 5903.86
422 5900.96
423 5885.62
424 5887.62
425 5820.28
426 5719.23
427 5712.30
428 5704.86
429 5700.98
430 5693.17
431 5699.29
432 5709.40
433 5717.76
434 5712.62
435 5719.23
436 5720.48
437 5720.48
438 5706.36
439 5700.72
440 5709.92
441 5714.73
442 5717.94
443 5706.09
444 5713.92
445 5713.52
446 5718.88
447 5714.47
448 5721.33
449 5716.10
450 5714.46
451 5716.68
452 5709.34
453 5722.90
454 5717.17
455 5729.87
456 5718.59
457  0.00
458  0.00
459  0.00
460  0.00
461  0.00
462 5790.32
463 5817.07
464 5826.46
465 5834.67
466 5829.61
467 5840.51
468 5838.09
469 5857.72
470 5829.57
471 5792.73
472 5757.09
473 5765.61
474 5717.65
475 5701.04
476 5695.90
477 5696.94
478 5695.25
479 5694.30
480 5692.55
481 5695.12
482 5697.37
483 5695.30
484 5693.95
485 5695.59
486 5695.41
487 5694.44
488 5694.36
489 5695.79
490 5694.70
491 5692.25
492 5690.24
493 5694.17
494 5698.14
495 5696.83
496 5693.27
497 5691.39
498 5692.26
499 5688.13
500 5896.89
501 5897.13
502 5893.61
503 5901.25
504 5894.90
505 5889.09
506  0.00
507 5549.08
508 5531.46
509 5530.63
510 5527.85
511 5528.38
512 5528.10
513 5524.00
514 5529.67
515 5531.98
516 5532.61
517 5530.48
518 5528.96
519 5531.01
520 5532.55
521 5530.39
522 5528.75
523 5527.83
524 5529.08
525 5528.96
526 5528.60
527 5526.39
528 5526.57
529 5525.34
530 5526.98
531 5526.92
532 5526.44
533 5525.95
534 5526.71
535 5528.34
536 5527.07
537 5525.80
538 5524.60
539 5526.06
540 5526.50
541 5525.40
542 5524.78
543 5524.35
544 5524.20
545 5524.72
546 5524.02
547 5524.00
548 5523.79
549 5523.45
550 5523.57
551 5523.53
552 5522.62
553 5521.98
554 5525.28
555 5531.39
556 5538.28
557 5543.23
558 5537.79
559 5532.69
560 5527.88
561 5503.23
562 5519.79
563 5520.43
564 5517.65
565 5515.95
566 5513.22
567 5512.35
568 5510.56
569 5511.84
570 5511.64
571 5512.10
572 5511.44
573 5511.56
574 5511.71
575 5510.93
576 5510.39
577 5509.44
578 5509.83
579 5510.18
580 5510.20
581 5510.23
582 5509.63
583 5509.92
584 5507.22
585 5506.58
586 5505.44
587 5504.08
588 5503.59
589 5501.76
590 5500.28
591 5497.17
592 5488.14
593 5491.18
594 5494.53
595 5511.73
596 5506.06
597 5507.73
598 5331.52
599 5366.78
600 5367.32
601 5386.75
602 5385.05
603 5373.63
604 5376.26
605 5373.21
606 5373.70
607 5394.54
608 5394.39
609 5385.76
610 5376.65
611 5373.65
612 5384.16
613 5388.78
614 5393.19
615 5391.20
616 5390.71
617 5386.61
618 5383.20
619 5383.18
620 5383.62
621 5379.59
622 5381.90
623 5388.54
624 5389.97
625 5383.98
626 5377.89
627 5380.62
628 5386.65
629 5388.27
630 5385.09
631 5384.78
632 5385.58
633 5386.53
634 5385.68
635 5386.07
636 5385.66
637 5385.83
638 5385.45
639 5385.89
640 5385.30
641 5385.62
642 5384.57
643 5385.52
644 5385.25
645 5386.20
646 5386.80
647 5385.70
648 5385.40
649 5384.75
650 5385.83
651 5386.25
652 5384.90
653 5385.79
654 5385.18
655 5386.12
656 5386.18
657 5386.65
658 5386.93
659 5386.96
660 5387.09
661 5386.27
662 5386.27
663 5388.15
664 5390.34
665 5393.79
666 5388.29
667 5385.20
668 5388.48
669 5389.35
670 5390.47
671 5385.82
672 5391.01
673 5396.27
674 5407.51
675 5419.21
676 5418.35
677 5407.09
678 5400.48
679 5417.39
680 5392.71
681 5391.39
682 5390.09
683 5390.33
684 5389.66
685 5382.33
686 5383.92
687 5381.88
688 5384.49
689 5383.92
690 5385.74
691 5381.38
692 5380.23
693 5380.80
694 5385.34
695 5385.63
696 5386.31
697 5385.10
698 5385.94
699 5384.93
700 5385.89
701 5384.57
702 5384.61
703 5382.82
704 5384.15
705 5384.59
706 5386.15
707 5385.48
708 5385.12
709 5382.84
710 5383.26
711 5383.15
712 5384.35
713 5382.66
714 5383.59
715 5384.08
716 5386.65
717 5387.01
718 5386.91
719 5386.39
720 5386.67
721 5387.48
722 5387.89
723 5388.57
724 5388.83
725 5388.00
726 5385.39
727 5385.13
728 5385.42
729 5386.14
730 5385.39
731 5384.27
732 5384.74
733 5384.10
734 5383.55
735 5381.85
736 5382.19
737 5380.89
738 5378.95
739 5377.14
740 5379.23
741 5377.05
742 5381.56
743 5379.73
744 5384.45
745 5381.58
746 5384.52
747 5386.09
748 5385.74
749 5387.11
750 5384.18
751 5386.34
752 5385.73
753 5388.80
754 5386.70
755 5388.73
756 5383.87
757 5387.10
758 5383.48
759 5387.45
760 5384.34
761 5383.82
762 5381.52
763 5381.77
764 5383.08
765 5382.50
766 5381.78
767 5380.76
768 5379.55
769 5382.24
770 5383.33
771 5382.42
772 5382.18
773 5380.40
774 5380.05
775 5379.56
776 5382.04
777 5381.88
778 5377.56
779 5377.02
780 5378.97
781 5383.72
782 5384.04
783 5385.28
784 5381.71
785 5384.81
786 5383.82
787 5385.50
788 5383.60
789 5384.37
790 5386.04
791 5386.47
792 5388.77
793 5385.53
794 5385.76
795 5384.11
796 5386.64
797 5386.76
798 5386.05
799 5385.09
800 5384.79
801 5385.19
802 5385.01
803 5383.75
804 5382.86
805 5382.87
806 5383.00
807 5385.33
808 5386.47
809 5387.30
810 5385.44
811 5385.25
812 5386.00
813 5385.29
814 5383.49
815 5383.20
816 5384.17
817 5385.64
818 5384.42
819 5384.66
820 5384.82
821 5385.82
822 5386.37
823 5384.35
824 5385.64
825 5384.19
826 5384.94
827 5382.56
828 5384.35
829 5384.46
830 5385.17
831 5383.00
832 5384.72
833 5384.12
834 5384.21
835 5382.73
836 5381.61
837 5382.32
838 5382.47
839 5384.21
840 5382.40
841 5383.55
842 5381.77
843 5382.47
844 5381.23
845 5382.45
846 5381.31
847 5382.94
848 5380.86
849 5380.00
850 5377.06
851 5372.62
852 5377.08
853 5373.72
854 5381.40
855 5380.75
856 5381.25
857 5382.98
858 5383.79
859 5388.20
860 5387.20
861 5387.04
862 5387.81
863 5387.88
864 5388.90
865 5389.14
866 5387.92
867 5387.21
868 5386.38
869 5385.22
870 5385.10
871 5386.88
872 5389.28
873 5387.18
874 5387.59
875 5385.29
876 5389.16
877 5386.04
878 5388.29
879 5389.35
880 5385.91
881 5385.73
882 5383.00
883 5382.12
884 5381.31
885 5379.10
886 5388.29
887 5226.57
888  0.00
889  0.00
890  0.00
891  0.00
892  0.00
893  0.00
894  0.00
895  0.00
896  0.00
897  0.00
898  0.00
899  0.00
900  0.00
901  0.00
902  0.00
903  0.00
904  0.00
905  0.00
906  0.00
907  0.00
908  0.00
909  0.00
910  0.00
911  0.00
912  0.00
913  0.00
914  0.00
915  0.00
916  0.00
917  0.00
918  0.00
919  0.00
920  0.00
921  0.00
922  0.00
923  0.00
924  0.00
925  0.00
926  0.00
927  0.00
928  0.00
929  0.00
930  0.00
931  0.00
932  0.00
933  0.00
934  0.00
935  0.00
936  0.00
937  0.00
938  0.00
939  0.00
940  0.00
941  0.00
942  0.00
943  0.00
944  0.00
945  0.00
946  0.00
947  0.00
948 5369.32
949 5372.13
950 5380.76
951 5382.74
952 5380.13
953 5380.21
954 5376.73
955 5379.37
956 5382.68
957 5382.51
958 5380.55
959 5377.47
960 5379.27
961 5381.66
962 5382.63
963 5380.47
964 5380.53
965 5379.56
966 5379.87
967 5379.91
968 5381.46
969 5381.94
970 5381.88
971 5381.76
972 5381.18
973 5382.00
974 5382.72
975 5383.18
976 5381.95
977 5381.74
978 5383.02
979 5384.28
980 5384.07
981 5381.73
982 5381.99
983 5383.60
984 5384.55
985 5383.47
986 5382.82
987 5384.77
988 5387.58
989 5385.10
990 5382.06
991 5380.29
992 5384.25
993 5387.48
994 5385.34
995 5375.13
996 5371.18
997 5374.98
998 5384.50
999 5391.66
1000 5391.38
1001 5395.93
1002 5393.64
1003 5422.62
1004 5462.36
1005 5470.84
1006 5466.98
1007 5451.10
1008 5459.85
1009 5469.98
1010 5489.55
1011 5485.41
1012 5529.98
1013 5537.64
1014 5538.68
1015 5537.52
1016 5562.67
1017 5678.15
1018 5686.70
1019 5689.42
1020 5688.67
1021 5690.35
1022 5692.50
1023 5687.01
1024 5678.15
1025 5668.38
1026 5662.54
1027 5652.76
1028 5619.46
1029 5593.41
1030 5594.91
1031 5603.05
1032 5617.26
1033 5652.76
1034 5652.76
1035 5644.37
1036 5669.65
1037 5675.25
1038 5661.18
1039 5619.46
1040 5627.73
1041 5652.76
1042 5652.76
1043 5668.94
1044 5680.65
1045 5679.26
1046 5674.13
1047 5670.49
1048 5669.65
1049 5686.70
1050 5669.32
1051 5675.65
1052 5659.88
1053 5653.63
1054 5686.37
1055 5697.68
1056 5702.77
1057 5700.87
1058 5711.87
1059 5884.43
1060 5881.80
1061 5880.34
1062 5875.96
1063 5877.52
1064 5882.19
1065 5880.39
1066 5880.78
1067 5882.72
1068 5882.30
1069 5882.53
1070 5882.93
1071 5883.56
1072 5884.19
1073 5882.04
1074 5882.68
1075 5882.54
1076 5882.60
1077 5882.28
1078 5882.53
1079 5882.59
1080 5883.30
1081 5881.58
1082 5881.97
1083 5882.84
1084 5883.62
1085 5884.24
1086 5884.14
1087 5885.68
1088 5886.22
1089 5887.26
1090 5887.54
1091 5887.24
1092 5887.31
1093 5887.19
1094 5886.98
1095 5886.21
1096 5886.38
1097 5886.85
1098 5890.44
1099 5905.57
1100 5942.05
1101 5958.63
1102 5958.89
1103 5967.52
1104 5976.58
1105 5978.10
1106 5978.99
1107 5969.01
1108 5970.49
1109 5710.90
1110 5697.23
1111 5693.75
1112 5693.38
1113 5693.66
1114 5693.37
1115 5693.01
1116 5692.09
1117 5697.30
1118 5698.88
1119 5695.25
1120 5692.04
1121 5696.05
1122 5700.49
1123 5695.28
1124 5689.55
1125 5688.98
1126 5694.34
1127 5696.14
1128 5694.72
1129 5690.69
1130 5694.21
1131 5695.64
1132 5693.67
1133 5690.56
1134 5693.53
1135 5694.79
1136 5691.58
1137 5689.31
1138 5693.66
1139 5695.32
1140 5693.83
1141 5689.44
1142 5697.03
1143 5694.26
1144 5692.56
1145 5688.46
1146 5689.32
1147 5688.15
1148 5693.04
1149 5693.54
1150 5689.34
1151 5688.06
1152 5703.93
1153 5697.15
1154 5691.09
1155 5691.06
1156 5694.92
1157 5689.41
1158 5686.29
1159 5691.64
1160 5691.23
1161 3786.12
1162 3511.92
1163 3514.64
1164 3514.25
1165 3513.13
1166 3512.01
1167 3513.44
1168 3513.97
1169 3512.85
1170 3512.42
1171 3514.33
1172 3513.73
1173 5703.93
1174 5700.11
1175 5687.53
1176 5703.93
1177 5691.41
1178 5693.31
1179 5689.65
1180 5696.96
1181 5688.96
1182 5692.50
1183 5694.24
1184 5697.52
1185 5692.16
1186 5697.80
1187 5696.23
1188 5693.13
1189 5694.85
1190 5700.82
1191 5697.74
1192 5693.61
1193 5703.93
1194 5697.96
1195 5692.63
1196 5696.18
1197 5703.66
1198 5700.31
1199 5696.11
1200 5702.95
1201 5712.61
1202 5703.19
1203 5703.84
1204 5703.25
1205 5698.42
1206 5696.60
1207 5702.60
1208 5704.37
1209 5702.55
1210 5709.46
1211 5721.33
1212 5708.55
1213 5702.33
1214 5704.28
1215 5713.86
1216 5712.73
1217 5719.95
1218 5709.96
1219 5711.45
1220  0.00
1221  0.00
1222  0.00
1223  0.00
1224  0.00
1225  0.00
1226 5727.10
1227 5722.44
1228 5723.01
1229 5709.56
1230 5721.33
1231 5721.33
1232 5729.54
1233 5718.45
1234 5728.35
1235 5731.38
1236 5737.41
1237 5719.90
1238 5730.10
1239 5730.10
1240 5738.91
1241 5725.86
1242 5726.18
1243 5738.91
1244 5747.76
1245 5779.15
1246 5867.20
1247 5721.89
1248 5721.94
1249 5704.92
1250 5696.19
1251 5698.92
1252 5698.88
1253 5697.81
1254 5694.68
1255 5694.82
1256 5698.21
1257 5697.93
1258 5695.84
1259 5696.44
1260 5700.23
1261 5699.20
1262 5695.20
1263 5691.33
1264 5692.86
1265 5692.85
1266 5693.47
1267 5692.56
1268 5696.24
1269 5697.07
1270 5695.78
1271 5693.00
1272 5693.23
1273 5694.19
1274 5693.56
1275 5692.37
1276 5689.81
1277 5689.44
1278 5690.44
1279 5691.80
1280 5689.67
1281 5648.77
1282 5603.90
1283 5579.90
1284 5584.93
1285 5578.64
1286 5579.33
1287 5572.00
1288 5575.77
1289 5574.53
1290 5571.99
1291 5579.71
1292 5576.71
1293 5585.69
1294 5579.19
1295 5583.07
1296 5575.85
1297 5575.08
1298 5574.68
1299 5573.61
1300 5570.82
1301 5577.67
1302 5576.69
1303 5571.46
1304 5572.71
1305 5573.94
1306 5581.04
1307 5572.94
1308 5585.41
1309 5584.05
1310 5577.51
1311 5568.50
1312 5578.73
1313 5684.17
1314 5689.21
1315 5691.33
1316 5693.15
1317 5692.15
1318 5693.56
1319 5693.08
1320 5692.48
1321 5690.65
1322 5690.09
1323 5694.76
1324 5693.95
1325 5692.86
1326 5691.37
1327 5690.58
1328 5688.48
1329 5689.89
1330 5691.34
1331 5694.58
1332 5696.03
1333 5695.87
1334 5692.25
1335 5688.71
1336 5691.01
1337 5693.44
1338 5690.95
1339 5688.02
1340 5681.11
1341 5677.24
1342 5668.93
1343 5855.48
1344 5895.84
1345 5893.11
1346 5894.17
1347 5890.17
1348 5892.78
1349 5894.01
1350 5899.31
1351 5897.94
1352 5896.22
1353 5893.73
1354 5893.30
1355 5892.86
1356 5893.79
1357 5895.73
1358 5895.68
1359 5895.48
1360 5895.11
1361 5897.35
1362 5895.62
1363 5895.37
1364 5897.39
1365 5897.92
1366 5898.11
1367 5895.52
1368 5899.90
1369 5908.68
1370 5931.64
1371 5950.37
1372 5962.41
1373 5974.18
1374 5977.76
1375 5970.59
1376 5967.96
1377 5970.71
1378 5963.53
1379 5943.31
1380 5925.24
1381 5722.90
1382 5701.47
1383 5693.98
1384 5694.86
1385 5700.07
1386 5702.53
1387 5695.08
1388 5690.87
1389 5700.11
1390 5712.91
1391 5712.48
1392 5696.32
1393 5700.63
1394 5707.04
1395 5698.16
1396 5685.09
1397 5694.52
1398 5738.91
1399 5829.57
1400 5882.86
1401 5874.50
1402 5820.28
1403 5586.80
1404 5586.80
1405 5575.62
1406 5560.70
1407 5566.83
1408 5551.89
1409 5562.15
1410 5551.22
1411 5552.62
1412 5546.55
1413 5545.68
1414 5543.74
1415 5542.70
1416 5542.03
1417 5540.42
1418 5538.35
1419 5536.82
1420 5533.75
1421 5530.84
1422 5529.63
1423 5527.37
1424 5525.97
1425 5522.57
1426 5524.25
1427 5521.53
1428 5519.56
1429 5516.51
1430 5514.50
1431 5512.78
1432 5514.91
1433 5515.65
1434 5516.97
1435 5515.37
1436 5514.04
1437 5513.29
1438 5514.02
1439 5514.04
1440 5514.26
1441 5515.43
1442 5516.81
1443 5517.76
1444 5514.89
1445 5518.28
1446 5517.75
1447 5523.11
1448 5523.62
1449 5524.21
1450 5523.54
1451 5523.88
1452 5524.46
1453 5529.57
1454 5536.41
1455 5551.20
1456 5686.70
1457 5644.37
1458 5500.02
1459 5501.12
1460 5509.03
1461 5515.63
1462 5523.77
1463 5518.95
1464 5521.46
1465 5515.74
1466 5526.78
1467 5522.79
1468 5528.07
1469 5524.81
1470 5525.35
1471 5520.36
1472 5538.93
1473 5525.04
1474 5525.81
1475 5519.13
1476 5520.66
1477 5516.28
1478 5511.77
1479 5507.28
1480 5505.32
1481 5499.01
1482 5490.76
1483 5490.08
1484 5496.46
1485 5507.97
1486 5520.57
1487 5542.34
1488 5562.70
1489 5594.91
1490 5627.73
1491 5535.53
1492 5496.35
1493 5399.73
1494 5388.40
1495 5394.22
1496 5393.61
1497 5398.15
1498 5394.62
1499 5393.30
1500 5396.32
1501 5396.35
1502 5397.84
1503 5396.45
1504 5394.74
1505 5391.81
1506 5392.72
1507 5393.39
1508 5395.92
1509 5394.91
1510 5394.04
1511 5395.70
1512 5395.97
1513 5396.06
1514 5394.21
1515 5393.37
1516 5395.11
1517 5396.27
1518 5395.26
1519 5395.43
1520 5396.47
1521 5397.74
1522 5396.67
1523 5395.03
1524 5397.00
1525 5404.27
1526 5415.92
1527 5436.85
1528 5431.40
1529 5435.85
1530 5442.00
1531 5443.66
1532 5438.69
1533 5438.08
1534 5439.96
1535 5444.61
1536 5446.24
1537 5442.28
1538 5443.27
1539 5442.02
1540 5438.23
1541 5416.01
1542 5405.77
1543 5400.06
1544 5401.77
1545 5402.78
1546 5404.84
1547 5492.34
1548 5385.12
1549 5387.68
1550 5385.27
1551 5394.67
1552 5390.24
1553 5389.84
1554 5391.90
1555 5389.87
1556 5398.63
1557 5398.96
1558 5393.91
1559 5388.83
1560 5389.50
1561 5393.61
1562 5401.98
1563 5397.51
1564 5394.77
1565 5397.49
1566 5394.72
1567 5395.30
1568 5390.97
1569 5390.73
1570 5394.86
1571 5395.44
1572 5393.09
1573 5392.17
1574 5395.34
1575 5399.89
1576 5399.46
1577 5394.42
1578 5394.90
1579 5399.04
1580 5401.74
1581 5400.56
1582 5396.31
1583 5398.28
1584 5401.29
1585 5399.55
1586 5399.00
1587 5398.01
1588 5402.70
1589 5402.61
1590 5398.37
1591 5397.86
1592 5399.97
1593 5406.12
1594 5399.20
1595 5398.01
1596 5397.12
1597 5401.17
1598 5400.93
1599 5396.13
1600 5393.25
1601 5395.35
1602 5398.56
1603 5396.73
1604 5394.87
1605 5394.78
1606 5398.58
1607 5396.55
1608 5394.97
1609 5394.20
1610 5394.98
1611 5397.15
1612 5396.38
1613 5393.37
1614 5394.61
1615 5394.24
1616 5399.35
1617 5401.58
1618 5397.35
1619 5397.39
1620 5398.22
1621 5400.24
1622 5397.87
1623 5391.21
1624 5395.23
1625 5402.78
1626 5395.36
1627 5290.14
1628 5290.14
1629 5290.14
1630 5290.14
1631 5109.64
1632  0.00
1633  0.00
1634  0.00
1635  0.00
1636  0.00
1637  0.00
1638  0.00
1639  0.00
1640  0.00
1641  0.00
1642  0.00
1643  0.00
1644  0.00
1645  0.00
1646  0.00
1647  0.00
1648  0.00
1649  0.00
1650  0.00
1651  0.00
1652  0.00
1653  0.00
1654  0.00
1655  0.00
1656  0.00
1657  0.00
1658  0.00
1659  0.00
1660  0.00
1661  0.00
1662  0.00
1663  0.00
1664  0.00
1665  0.00
1666  0.00
1667  0.00
1668  0.00
1669  0.00
1670  0.00
1671  0.00
1672  0.00
1673  0.00
1674  0.00
1675  0.00
1676  0.00
1677  0.00
1678 5373.54
1679 5379.98
1680 5387.17
1681 5390.67
1682 5393.37
1683 5389.88
1684 5389.41
1685 5391.01
1686 5392.59
1687 5393.53
1688 5392.90
1689 5390.02
1690 5390.88
1691 5392.04
1692 5393.32
1693 5392.81
1694 5392.70
1695 5392.50
1696 5392.78
1697 5392.12
1698 5389.94
1699 5390.21
1700 5390.26
1701 5392.82
1702 5391.44
1703 5390.71
1704 5390.23
1705 5391.84
1706 5393.14
1707 5397.37
1708 5395.99
1709 5399.53
1710 5390.49
1711 5399.50
1712 5586.80
1713 5540.93
1714 5544.78
1715 5541.49
1716 5546.14
1717 5542.29
1718 5540.54
1719 5542.62
1720 5546.67
1721 5547.01
1722 5544.66
1723 5543.26
1724 5543.37
1725 5544.53
1726 5544.32
1727 5544.16
1728 5543.98
1729 5543.34
1730 5541.87
1731 5542.34
1732 5543.28
1733 5544.98
1734 5544.92
1735 5544.04
1736 5542.17
1737 5543.07
1738 5543.38
1739 5543.61
1740 5544.47
1741 5544.44
1742 5542.68
1743 5541.59
1744 5540.30
1745 5540.45
1746 5535.98
1747 5700.58
1748 5690.88
1749 5692.68
1750 5690.36
1751 5694.62
1752 5694.30
1753 5695.95
1754 5695.51
1755 5692.04
1756 5689.92
1757 5690.33
1758 5695.72
1759 5695.66
1760 5692.10
1761 5693.37
1762 5690.67
1763 5690.63
1764 5689.34
1765 5692.36
1766 5693.98
1767 5692.02
1768 5690.90
1769 5686.85
1770 5688.49
1771 5690.48
1772 5691.06
1773 5690.00
1774 5689.80
1775 5689.24
1776 5688.64
1777 5688.75
1778 5690.52
1779 5692.52
1780 5691.97
1781 5688.81
1782 5688.68
1783 5688.36
1784 5690.02
1785 5686.01
1786 5689.33
1787 5687.28
1788 5689.25
1789 5687.45
1790 5687.64
1791 5690.27
1792 5687.12
1793 5688.10
1794 5686.57
1795 5687.11
1796 5688.73
1797 5688.14
1798 5688.79
1799 5685.66
1800 5687.35
1801 5685.24
1802 5693.40
1803 5695.09
1804 5702.05
1805 5696.15
1806 5691.24
1807 5665.89
1808 5552.35
1809 5548.20
1810 5547.02
1811 5548.00
1812 5540.59
1813 5539.87
1814 5533.71
1815 5538.43
1816 5539.26
1817 5541.09
1818 5536.98
1819 5534.99
1820 5532.03
1821 5531.22
1822 5527.84
1823 5526.90
1824 5524.18
1825 5519.79
1826 5513.71
1827 5514.40
1828 5511.07
1829 5512.28
1830 5507.59
1831 5505.23
1832 5499.42
1833 5497.28
1834 5491.26
1835 5487.90
1836 5484.22
1837 5487.84
1838 5515.48
1839 5531.07
1840 5513.33
1841 5395.52
1842 5384.61
1843 5386.60
1844 5392.94
1845 5395.58
1846 5393.90
1847 5392.61
1848 5390.88
1849 5393.44
1850 5394.23
1851 5392.84
1852 5389.70
1853 5388.82
1854 5388.30
1855 5388.62
1856 5386.04
1857 5382.22
1858 5378.33
1859 5374.88
1860 5372.06
1861 5369.73
1862 5367.17
1863 5364.14
1864 5362.89
1865 5357.70
1866 5353.97
1867 5346.92
1868 5346.20
1869 5340.48
1870 5344.71
1871 5230.28
1872 5211.33
1873 5198.46
1874 5195.02
1875 5189.36
1876 5189.34
1877 5190.48
1878 5189.96
1879 5191.18
1880 5189.12
1881 5185.89
1882 5185.94
1883 5185.21
1884 5187.33
1885 5184.72
1886 5186.30
1887 5187.09
1888 5189.52
1889 5190.06
1890 5186.87
1891 5190.51
1892 5190.36
1893 5194.07
1894 5190.24
1895 5186.33
1896 5188.94
1897 5189.32
1898 5192.33
1899 5188.07
1900 5186.37
1901 5190.41
1902 5191.69
1903 5195.53
1904 5188.86
1905 5191.15
1906 5190.14
1907 5191.88
1908 5192.90
1909 5189.83
1910 5191.07
1911 5187.56
1912 5190.65
1913 5195.78
1914  0.00
1915  0.00
1916  0.00
1917  0.00
1918  0.00
1919  0.00
1920  0.00
1921  0.00
1922  0.00
1923 3983.90
1924 3983.41
1925 3983.22
1926 3983.88
1927 3984.21
1928 3984.35
1929 3984.21
1930 3983.79
1931 3983.50
1932 3982.86
1933 3983.02
1934 3983.30
1935 3983.16
1936 3982.47
1937 3982.66
1938 3982.62
1939 3983.28
1940 3982.79
1941 3982.76
1942 3982.19
1943 3982.62
1944 3983.41
1945 3983.96
1946 3983.26
1947 3982.81
1948 3982.95
1949 3983.81
1950 3983.43
1951 3983.79
1952 3984.24
1953 3985.08
1954 3984.69
1955 3983.93
1956 3983.78
1957 3983.74
1958 3983.79
1959 3983.59
1960 3983.90
1961 3984.76
1962 3984.95
1963 3985.59
1964 3984.57
1965 3984.66
1966 3984.48
1967 3984.24
1968 3984.15
1969 3983.18
1970 3984.89
1971 3985.62
1972 3985.16
1973 3985.10
1974 3984.79
1975 3987.10
1976 3987.11
1977 3985.72
1978 3985.42
1979 3986.41
1980 3987.55
1981 3986.47
1982 3984.83
1983 3985.24
1984 3986.58
1985 3987.78
1986 3988.23
1987 3988.22
1988 3987.59
1989 3988.85
1990 3992.11
1991 3992.10
1992 3991.48
1993 3987.60
1994 3988.64
1995 3992.40
1996 3992.07
1997 3992.13
1998 3988.52
1999 3989.70
2000 3991.54
2001 3991.06
2002 3989.31
2003  0.00
2004  0.00
2005  0.00
2006  0.00
2007  0.00
2008  0.00
2009  0.00
2010  0.00
2011 5875.07
2012 5886.33
2013 5886.33
2014 5872.39
2015 5876.82
2016 5880.75
2017 5885.24
2018 5886.27
2019 5887.67
2020 5888.57
2021 5891.48
2022 5887.83
2023 5889.09
2024 5887.01
2025 5891.30
2026 5890.10
2027 5892.21
2028 5890.32
2029 5890.21
2030 5891.76
2031 5893.93
2032 5892.39
2033 5891.90
2034 5890.87
2035 5891.11
2036 5890.65
2037 5889.63
2038 5889.88
2039 5890.27
2040 5889.04
2041 5889.99
2042 5890.24
2043 5891.33
2044 5891.05
2045 5889.79
2046 5889.55
2047 5889.92
2048 5888.51
2049 5887.97
2050 5887.93
2051 5888.74
2052 5889.19
2053 5888.07
2054 5887.95
2055 5888.14
2056 5889.74
2057 5888.66
2058 5888.07
2059 5885.54
2060 5887.98
2061 5889.81
2062 5892.12
2063 5890.99
2064 5889.53
2065 5886.83
2066 5889.51
2067 5890.81
2068 5892.20
2069 5890.38
2070 5887.84
2071 5890.08
2072 5890.33
2073 5889.99
2074 5887.66
2075 5888.86
2076 5887.69
2077 5887.69
2078 5886.95
2079 5889.14
2080 5888.02
2081 5887.52
2082 5891.54
2083 5886.19
2084 5891.84
2085 5887.37
2086 5887.84
2087 5890.77
2088 5895.18
2089 5893.90
2090 5888.17
2091 5888.99
2092 6079.46
2093 6079.46
2094 6079.46
2095 5881.65
2096 5881.89
2097 5884.33
2098 5884.13
2099 5884.53
2100 5885.91
2101 5888.20
2102 5886.20
2103 5886.79
2104 5885.48
2105 5886.45
2106 5885.29
2107 5886.06
2108 5885.12
2109 5884.60
2110 5882.06
2111 5883.61
2112 5884.85
2113 5885.02
2114 5883.09
2115 5880.36
2116 5876.07
2117 5874.62
2118 5871.35
2119 5867.43
2120 5863.63
2121 5861.95
2122 5863.14
2123 5863.07
2124 5870.79
2125 5878.47
2126 5881.70
2127 5885.40
2128 5885.29
2129 5875.78
2130 5765.61
2131 5717.68
2132 5703.42
2133 5704.36
2134 5705.06
2135 5706.79
2136 5701.26
2137 5705.32
2138 5709.27
2139 5717.40
2140 5704.01
2141 5701.88
2142 5704.43
2143 5714.11
2144 5708.08
2145 5703.47
2146 5701.46
2147 5710.05
2148 5704.95
2149 5701.48
2150 5698.00
2151 5704.23
2152 5705.49
2153 5700.77
2154 5697.53
2155 5701.39
2156 5702.56
2157 5701.93
2158 5696.47
2159 5699.17
2160 5699.64
2161 5700.32
2162 5698.50
2163 5700.27
2164 5704.69
2165 5704.72
2166 5710.43
2167 5702.20
2168 5715.94
2169 5709.52
2170 5721.33
2171 5706.39
2172 5716.20
2173 5726.18
2174 5712.61
2175 5692.55
2176 5691.76
2177 5693.32
2178 5694.28
2179 5696.80
2180 5692.69
2181 5694.01
2182 5693.85
2183 5698.94
2184 5696.25
2185 5697.63
2186 5695.95
2187 5701.71
2188 5695.53
2189 5697.47
2190 5690.37
2191 5698.41
2192 5695.28
2193 5700.81
2194 5693.44
2195 5703.29
2196 5701.79
2197 5704.44
2198 5697.53
2199 5698.75
2200 5699.78
2201 5697.18
2202 5700.07
2203 5698.64
2204 5701.98
2205 5703.37
2206 5619.44
2207 5579.71
2208 5565.21
2209 5571.38
2210 5568.49
2211 5572.52
2212 5564.45
2213 5561.82
2214 5558.77
2215 5556.86
2216 5550.22
2217  0.00
2218  0.00
2219  0.00
2220  0.00
2221  0.00
2222  0.00
2223 5546.24
2224 5546.24
2225 5546.24
2226 5546.24
2227 5542.12
2228 5544.00
2229 5541.22
2230 5536.92
2231 5537.17
2232 5533.38
2233 5534.02
2234 5531.21
2235 5532.72
2236 5530.23
2237 5529.02
2238 5525.87
2239 5527.12
2240 5525.38
2241 5526.43
2242 5524.39
2243 5523.52
2244 5522.24
2245 5522.24
2246 5522.62
2247 5522.18
2248 5521.36
2249 5521.15
2250 5520.14
2251 5525.99
2252 5532.30
2253 5537.79
2254 5537.34
2255 5539.95
2256 5524.88
2257 5522.19
2258 5515.43
2259 5516.49
2260 5512.88
2261 5513.31
2262 5513.44
2263 5514.68
2264 5513.48
2265 5512.16
2266 5511.78
2267 5512.11
2268 5509.46
2269 5509.81
2270 5508.42
2271 5509.10
2272 5507.42
2273 5506.26
2274 5505.35
2275 5503.02
2276 5503.13
2277 5500.19
2278 5499.99
2279 5498.78
2280 5498.59
2281 5498.19
2282 5496.86
2283 5496.90
2284 5494.53
2285 5493.34
2286 5490.66
2287 5490.42
2288 5488.09
2289 5485.34
2290 5485.07
2291 5503.27
2292 5522.64
2293 5554.74
2294 5554.74
2295 5484.10
2296 5392.48
2297 5379.01
2298 5381.97
2299 5384.58
2300 5390.06
2301 5392.59
2302 5391.87
2303 5389.84
2304 5389.06
2305 5391.30
2306 5392.72
2307 5391.48
2308 5387.61
2309 5384.67
2310 5386.03
2311 5388.48
2312 5389.44
2313 5387.57
2314 5386.36
2315 5387.49
2316 5387.69
2317 5388.65
2318 5387.39
2319 5387.12
2320 5386.78
2321 5387.29
2322 5386.92
2323 5386.48
2324 5385.76
2325 5387.10
2326 5387.96
2327 5402.19
2328 5408.60
2329 5417.75
2330 5415.48
2331 5423.09
2332 5446.05
2333 5477.09
2334 5484.81
2335 5494.01
2336 5504.47
2337 5502.42
2338 5498.21
2339 5496.30
2340 5499.62
2341 5500.02
2342 5454.46
2343 5419.18
2344 5417.95
2345 5390.17
2346 5408.24
2347 5421.92
2348 5383.37
2349 5381.36
2350 5381.61
2351 5384.62
2352 5388.29
2353 5388.23
2354 5386.16
2355 5387.53
2356 5385.98
2357 5389.48
2358 5389.03
2359 5387.46
2360 5387.33
2361 5386.56
2362 5387.83
2363 5389.59
2364 5387.96
2365 5387.59
2366 5388.35
2367 5388.10
2368 5388.53
2369 5386.64
2370 5386.36
2371 5387.74
2372 5387.69
2373 5387.28
2374 5385.73
2375 5384.90
2376 5385.17
2377 5384.78
2378 5385.15
2379 5384.87
2380 5385.17
2381 5385.10
2382 5384.90
2383 5385.16
2384 5384.70
2385 5384.12
2386 5383.62
2387 5385.57
2388 5386.56
2389 5387.75
2390 5386.57
2391 5387.14
2392 5385.85
2393 5388.36
2394 5389.15
2395 5390.67
2396 5389.75
2397 5389.12
2398 5388.52
2399 5388.15
2400 5387.61
2401 5386.45
2402 5387.00
2403 5387.41
2404 5388.31
2405 5384.79
2406 5383.53
2407 5383.69
2408 5387.31
2409 5387.35
2410 5384.25
2411 5381.16
2412 5381.14
2413 5382.86
2414 5384.43
2415 5384.03
2416 5381.43
2417 5382.43
2418 5388.29
2419 5391.84
2420 5394.64
2421 5393.54
2422 5388.81
2423 5388.30
2424 5385.06
2425 5387.05
2426 5386.91
2427 5390.74
2428 5395.54
2429 5398.33
2430 5396.98
2431 5393.33
2432 5391.67
2433 5389.38
2434 5392.20
2435 5391.19
2436 5386.20
2437 5378.33
2438 5378.17
2439 5379.96
2440 5378.30
2441 5371.02
2442 5370.31
2443 5369.70
2444 5376.48
2445 5378.88
2446 5382.78
2447 5380.41
2448 5380.99
2449 5384.08
2450 5386.81
2451 5390.47
2452 5389.14
2453 5388.65
2454 5391.95
2455 5392.17
2456 5391.49
2457 5390.01
2458 5389.38
2459 5393.82
2460 5391.62
2461 5389.24
2462 5388.02
2463 5388.09
2464 5391.19
2465 5388.18
2466 5384.04
2467 5382.60
2468 5383.30
2469 5385.02
2470 5382.61
2471 5380.06
2472 5379.52
2473 5383.78
2474 5384.23
2475 5384.25
2476 5384.16
2477 5386.26
2478 5387.59
2479 5386.98
2480 5386.36
2481 5390.08
2482 5390.85
2483 5389.80
2484 5389.34
2485 5388.81
2486 5392.44
2487 5389.94
2488 5386.68
2489 5387.11
2490 5385.53
2491 5386.50
2492 5383.49
2493 5380.85
2494 5382.41
2495 5382.21
2496 5383.32
2497 5380.82
2498 5380.22
2499 5381.75
2500 5384.85
2501 5384.48
2502 5384.62
2503 5384.81
2504 5387.87
2505 5389.03
2506 5389.14
2507 5388.70
2508 5390.92
2509 5391.80
2510 5391.74
2511 5389.96
2512 5388.62
2513 5387.01
2514 5386.26
2515 5385.91
2516 5386.65
2517 5383.53
2518 5382.12
2519 5379.76
2520 5380.81
2521 5381.02
2522 5381.63
2523 5384.77
2524  0.00
2525  0.00
2526  0.00
2527  0.00
2528  0.00
2529  0.00
2530  0.00
2531  0.00
2532  0.00
2533  0.00
2534  0.00
2535  0.00
2536  0.00
2537  0.00
2538  0.00
2539  0.00
2540  0.00
2541  0.00
2542  0.00
2543  0.00
2544  0.00
2545  0.00
2546  0.00
2547  0.00
2548  0.00
2549  0.00
2550  0.00
2551  0.00
2552  0.00
2553  0.00
2554  0.00
2555  0.00
2556  0.00
2557  0.00
2558  0.00
2559  0.00
2560  0.00
2561  0.00
2562  0.00
2563  0.00
2564  0.00
2565  0.00
2566  0.00
2567  0.00
2568  0.00
2569  0.00
2570  0.00
2571  0.00
2572  0.00
2573  0.00
2574  0.00
2575  0.00
2576  0.00
2577  0.00
2578  0.00
2579  0.00
2580  0.00
2581  0.00
2582  0.00
2583  0.00
2584  0.00
2585  0.00
2586  0.00
2587  0.00
2588  0.00
2589  0.00
2590  0.00
2591  0.00
2592  0.00
2593  0.00
2594  0.00
2595  0.00
2596  0.00
2597  0.00
2598  0.00
2599  0.00
2600  0.00
2601  0.00
2602  0.00
2603  0.00
2604 5566.76
2605 5377.94
2606 5374.88
2607 5379.71
2608 5383.81
2609 5387.07
2610 5391.40
2611 5389.93
2612 5390.24
2613 5387.74
2614 5387.43
2615 5391.81
2616 5393.09
2617 5388.82
2618 5385.47
2619 5385.36
2620 5384.47
2621 5393.09
2622 5388.68
2623 5393.64
2624 5392.62
2625 5398.00
2626 5389.05
2627 5387.66
2628 5385.01
2629 5386.44
2630 5387.59
2631 5387.59
2632 5386.99
2633 5386.07
2634 5386.87
2635 5386.42
2636 5385.49
2637 5385.21
2638 5384.38
2639 5384.99
2640 5384.45
2641 5387.35
2642 5388.74
2643 5389.68
2644 5387.24
2645 5388.02
2646 5389.43
2647 5392.66
2648 5390.77
2649 5388.98
2650 5388.49
2651 5389.31
2652 5390.13
2653 5389.52
2654 5389.78
2655 5390.17
2656 5390.43
2657 5390.49
2658 5389.92
2659 5389.54
2660 5389.81
2661 5390.20
2662 5390.67
2663 5390.29
2664 5390.05
2665 5390.28
2666 5390.28
2667 5390.91
2668 5390.05
2669 5390.38
2670 5389.89
2671 5391.63
2672 5391.15
2673 5391.20
2674 5390.51
2675 5390.15
2676 5390.40
2677 5390.66
2678 5391.16
2679 5391.11
2680 5390.83
2681 5390.61
2682 5390.50
2683 5390.78
2684 5390.38
2685 5390.06
2686 5389.61
2687 5390.27
2688 5390.85
2689 5391.19
2690 5390.09
2691 5389.35
2692 5389.69
2693 5389.99
2694 5390.63
2695 5390.15
2696 5389.94
2697 5390.10
2698 5391.00
2699 5386.37
2700 5380.22
2701 5378.74
2702 5379.37
2703 5394.11
2704 5482.55
2705 5515.48
2706 5523.56
2707 5532.41
2708 5524.20
2709 5522.76
2710 5515.98
2711 5516.44
2712 5518.11
2713 5518.16
2714 5521.99
2715 5519.80
2716 5521.01
2717 5514.63
2718 5516.66
2719  0.00
2720  0.00
2721  0.00
2722  0.00
2723  0.00
2724  0.00
2725  0.00
2726 5512.66
2727 5514.91
2728 5515.21
2729 5513.65
2730 5515.15
2731 5521.36
2732 5525.36
2733 5525.44
2734 5521.14
2735 5520.03
2736 5522.68
2737 5525.03
2738 5529.25
2739 5531.60
2740 5530.32
2741 5624.44
2742 5676.29
2743 5685.11
2744 5690.33
2745 5690.37
2746 5693.41
2747 5693.46
2748 5696.72
2749 5690.57
2750 5695.29
2751 5695.19
2752 5694.70
2753 5696.69
2754 5695.51
2755 5693.24
2756 5687.73
2757 5688.43
2758 5688.38
2759 5689.97
2760 5689.06
2761 5693.96
2762 5688.71
2763 5686.21
2764 5686.53
2765 5687.32
2766 5685.26
2767 5686.95
2768 5689.11
2769 5685.83
2770 5685.40
2771 5686.04
2772  0.00
2773  0.00
2774  0.00
2775  0.00
2776  0.00
2777  0.00
2778 5686.71
2779 5684.23
2780 5684.12
2781 5688.98
2782 5689.40
2783 5681.57
2784 5688.16
2785 5701.32
2786 5730.10
2787 5712.61
2788 5694.62
2789 5821.16
2790 5890.39
2791 5882.98
2792 5880.46
2793 5879.08
2794 5882.45
2795 5884.36
2796 5882.24
2797 5884.51
2798 5886.37
2799 5885.71
2800 5884.73
2801 5885.07
2802 5888.46
2803 5888.01
2804 5886.81
2805 5885.21
2806 5886.36
2807 5887.86
2808 5886.48
2809 5886.02
2810 5886.52
2811 5888.13
2812 5886.42
2813 5885.50
2814 5885.95
2815 5887.45
2816 5887.80
2817 5887.10
2818 5885.88
2819 5886.36
2820 5886.47
2821 5886.98
2822 5887.10
2823 5887.05
2824 5886.84
2825 5887.03
2826 5886.99
2827 5887.90
2828 5890.39
2829 5890.39
2830 5891.40
2831 5888.36
2832 5891.88
2833 5893.36
2834 5892.61
2835 5895.14
2836 5891.15
2837 5965.04
2838 6005.78
2839 5985.29
2840 5965.04
2841 5940.18
2842 5985.29
2843 5952.33
2844 5933.20
2845 5893.26
2846 5872.10
2847 5857.72
2848 5899.33
2849 5897.09
2850 5896.35
2851 5888.56
2852 5885.47
2853 5885.11
2854 5887.62
2855 5888.98
2856 5888.17
2857 5889.16
2858 5888.15
2859 5887.38
2860 5888.58
2861 5889.73
2862 5891.07
2863 5889.97
2864 5891.20
2865 5891.33
2866 5890.10
2867 5889.11
2868 5889.54
2869 5890.72
2870 5888.59
2871 5887.53
2872 5887.36
2873 5888.27
2874 5888.83
2875 5887.85
2876 5887.79
2877 5886.48
2878 5887.74
2879 5888.65
2880 5889.46
2881 5889.21
2882 5888.69
2883 5889.15
2884 5888.10
2885 5889.00
2886 5888.73
2887 5889.26
2888 5889.27
2889 5889.18
2890 5888.68
2891 5887.72
2892 5888.77
2893 5888.55
2894 5888.71
2895 5887.83
2896 5886.77
2897 5888.43
2898 5888.23
2899 5888.66
2900 5888.56
2901 5889.44
2902 5882.82
2903 5861.37
2904 5857.53
2905 5867.20
2906 5905.71
2907 5895.23
2908 5890.90
2909 5884.56
2910 5884.24
2911 5886.27
2912 5884.79
2913 5885.42
2914 5885.61
2915 5887.09
2916 5886.64
2917 5886.40
2918 5887.11
2919 5887.92
2920 5886.84
2921 5886.52
2922 5886.46
2923 5888.57
2924 5888.01
2925 5888.25
2926 5888.86
2927 5889.65
2928 5888.67
2929 5887.73
2930 5886.44
2931 5888.49
2932 5889.10
2933 5889.08
2934 5887.67
2935 5887.81
2936 5889.18
2937 5889.38
2938 5889.68
2939 5889.10
2940 5889.10
2941 5890.01
2942 5889.59
2943 5890.08
2944 5889.26
2945 5890.73
2946 5889.64
2947 5890.47
2948 5890.64
2949 5890.74
2950 5889.75
2951 5889.72
2952 5889.75
2953 5890.44
2954 5888.52
2955 5889.04
2956 5889.21
2957 5890.44
2958 5890.62
2959 5889.55
2960 5889.51
2961 5889.62
2962 5891.01
2963 5889.89
2964 5886.62
2965 5881.03
2966 5882.86
2967 5894.15
2968 5898.61
2969 5898.84
2970 5894.63
2971 5892.76
2972 5890.22
2973 5890.58
2974 5890.69
2975 5890.39
2976 5889.82
2977 5890.81
2978 5891.51
2979 5891.34
2980 5889.54
2981 5889.82
2982 5888.56
2983 5890.79
2984 5889.92
2985 5891.85
2986 5891.59
2987 5891.08
2988 5890.88
2989 5891.05
2990 5890.30
2991 5889.57
2992 5889.02
2993 5889.49
2994 5888.47
2995 5887.01
2996 5885.25
2997 5884.61
2998 5882.17
2999 5879.53
3000 5876.52
3001 5875.37
3002 5873.57
3003 5869.08
3004 5865.71
3005 5865.93
3006 5866.25
3007 5864.91
3008 5863.27
3009 5865.48
3010 5865.77
3011 5868.16
3012 5868.74
3013 5874.62
3014 5876.54
3015 5878.77
3016 5867.20
3017 5729.52
3018 5699.25
3019 5701.01
3020 5697.01
3021 5699.20
3022 5693.50
3023 5699.48
3024 5704.84
3025 5710.17
3026 5703.35
3027 5701.77
3028 5705.38
3029 5704.13
3030 5699.84
3031 5694.95
3032 5702.95
3033 5703.66
3034 5703.15
3035 5696.12
3036 5698.66
3037 5698.70
3038 5696.50
3039 5694.34
3040 5695.16
3041 5705.99
3042 5703.52
3043 5703.48
3044 5694.97
3045 5707.19
3046 5700.92
3047 5706.42
3048 5695.91
3049 5704.91
3050 5703.39
3051 5709.07
3052 5703.14
3053 5704.11
3054 5711.75
3055 5711.27
3056 5714.99
3057 5704.35
3058 5715.19
3059 5707.55
3060 5713.93
3061 5700.91
3062 5708.80
3063 5703.71
3064 5710.93
3065 5707.97
3066 5712.02
3067 5712.89
3068 5711.97
3069 5717.11
3070 5714.13
3071 5727.65
3072 5718.82
3073 5730.10
3074 5702.48
3075 5710.57
3076 5694.08
3077 5707.46
3078 5695.40
3079 5696.36
3080 5693.65
3081 5693.40
3082 5691.25
3083 5691.03
3084 5688.42
3085 5690.46
3086 5691.99
3087 5694.18
3088 5693.55
3089 5694.95
3090 5695.18
3091 5811.05
3092 5702.92
3093 5702.92
3094 5730.10
3095 5730.10
3096 5730.10
3097 5730.10
3098 5761.38
3099 5681.41
3100 5687.02
3101 5689.05
3102 5691.48
3103 5692.43
3104 5691.42
3105 5692.07
3106 5693.95
3107 5694.55
3108 5694.41
3109 5691.76
3110 5694.11
3111 5696.32
3112 5691.78
3113 5689.79
3114 5687.47
3115 5688.53
3116 5690.30
3117 5690.70
3118 5693.18
3119 5694.58
3120 5706.48
3121 5745.99
3122 5857.72
3123 5857.72
3124 5895.78
3125 5895.78
3126 5895.78
3127 5895.78
3128 5900.40
3129 5894.87
3130 5895.98
3131 5524.59
3132 5534.31
3133 5529.80
3134 5531.88
3135 5533.74
3136 5530.85
3137 5532.36
3138 5527.78
3139 5535.16
3140 5538.40
3141 5534.05
3142 5534.17
3143 5527.98
3144 5532.68
3145 5530.93
3146 5530.76
3147 5530.66
3148 5529.52
3149 5529.00
3150 5533.08
3151 5531.53
3152 5533.92
3153 5530.62
3154 5533.56
3155 5529.65
3156 5538.93
3157 5538.93
3158 5536.10
3159 5534.90
3160 5535.51
3161 5532.83
3162 5533.83
3163 5534.31
3164 5535.53
3165 5536.09
3166 5536.35
3167 5538.49
3168 5536.61
3169 5539.93
3170 5540.70
3171 5542.56
3172 5541.88
3173 5541.39
3174 5542.76
3175 5543.53
3176 5543.94
3177 5544.16
3178 5545.01
3179 5546.85
3180 5548.82
3181 5549.68
3182 5549.96
3183 5548.15
3184 5548.02
3185 5547.51
3186 5548.58
3187 5567.34
3188 5647.28
3189 5673.92
3190 5684.60
3191 5686.20
3192 5687.62
3193 5686.83
3194 5686.44
3195 5687.02
3196 5684.86
3197 5680.26
3198 5573.64
3199 5876.84
3200 5886.80
3201 5895.09
3202 5893.54
3203 5890.30
3204 5557.36
3205 5549.09
3206 5545.75
3207 5539.33
3208 5536.77
3209 5537.19
3210 5536.01
3211 5533.23
3212 5527.32
3213 5530.19
3214 5527.95
3215 5526.23
3216 5523.52
3217 5521.50
3218 5518.26
3219 5515.06
3220 5513.82
3221 5514.32
3222 5515.52
3223 5516.28
3224 5514.75
3225 5512.76
3226 5510.20
3227 5509.34
3228 5507.40
3229 5505.62
3230 5503.99
3231 5502.83
3232 5501.01
3233 5499.61
3234 5496.17
3235 5495.41
3236 5493.84
3237 5493.24
3238 5490.78
3239 5490.09
3240 5488.22
3241 5484.67
3242 5481.02
3243 5477.42
3244 5475.94
3245 5478.09
3246 5486.06
3247 5425.53
3248 5379.09
3249 5379.70
3250 5377.97
3251 5380.57
3252 5381.89
3253 5383.03
3254 5384.54
3255 5383.86
3256 5381.14
3257 5383.62
3258 5384.29
3259 5383.49
3260 5382.28
3261 5384.15
3262 5385.46
3263 5387.22
3264 5384.79
3265 5384.74
3266 5383.72
3267 5383.74
3268 5383.52
3269 5383.82
3270 5382.63
3271 5383.13
3272 5382.99
3273 5381.88
3274 5379.99
3275 5378.14
3276 5376.20
3277 5377.04
3278 5377.53
3279 5379.66
3280 5378.47
3281 5381.24
3282 5385.06
3283 5391.58
3284 5395.42
3285 5395.35
3286 5396.89
3287 5392.25
3288 5398.84
3289 5424.74
3290 5431.78
3291 5434.84
3292 5423.78
3293 5417.39
3294 5439.53
3295 5436.47
3296 5507.73
3297  0.00
3298  0.00
3299  0.00
3300  0.00
3301  0.00
3302  0.00
3303 5492.34
3304 5467.51
3305 5468.51
3306 5487.23
3307 5489.89
3308 5484.63
3309 5488.19
3310 5498.08
3311 5489.41
3312 5482.33
3313 5484.67
3314 5490.89
3315 5479.12
3316 5477.28
3317 5472.60
3318 5472.85
3319 5461.17
3320 5467.93
3321 5489.44
3322 5506.81
3323 5509.76
3324 5501.29
3325 5494.16
3326 5468.17
3327 5432.12
3328 5414.44
3329 5374.49
3330 5356.76
3331 5357.97
3332 5363.55
3333 5366.64
3334 5373.34
3335 5369.85
3336 5369.71
3337 5369.04
3338 5367.57
3339 5375.45
3340 5374.21
3341 5373.34
3342 5370.69
3343 5372.31
3344 5372.05
3345 5373.70
3346 5373.14
3347 5374.08
3348 5375.73
3349 5376.56
3350 5373.41
3351 5371.78
3352 5372.84
3353 5376.33
3354 5378.85
3355 5377.96
3356 5376.09
3357 5375.45
3358 5375.27
3359 5376.26
3360 5375.11
3361 5375.04
3362 5374.85
3363  0.00
3364  0.00
3365  0.00
3366  0.00
3367  0.00
3368 5466.95
3369 5424.74
3370 5410.07
3371 5417.32
3372 5432.12
3373 5430.70
3374 5414.05
3375 5408.77
3376 5386.10
3377 5395.37
3378 5392.00
3379 5398.80
3380 5382.76
3381 5379.53
3382 5368.76
3383 5375.51
3384 5374.55
3385 5379.58
3386 5381.61
3387 5384.29
3388 5379.12
3389 5371.08
3390 5371.10
3391 5392.03
3392 5385.88
3393 5377.42
3394 5374.71
3395 5380.22
3396 5383.93
3397 5381.41
3398 5377.93
3399 5378.14
3400 5379.83
3401 5377.22
3402 5377.20
3403 5378.11
3404 5381.50
3405 5381.64
3406 5380.23
3407 5377.93
3408 5378.29
3409 5380.06
3410 5380.79
3411 5381.07
3412 5379.59
3413 5380.14
3414 5380.71
3415 5382.02
3416 5381.89
3417 5381.74
3418 5381.24
3419 5383.34
3420 5383.55
3421 5383.48
3422 5382.60
3423 5380.08
3424 5376.01
3425 5368.78
3426 5364.58
3427 5375.71
3428 5389.68
3429 5439.53
3430 5269.81
3431 5211.36
3432 5205.51
3433 5205.50
3434 5197.86
3435 5203.96
3436 5199.26
3437 5201.75
3438 5216.11
3439 5228.09
3440 5236.89
3441 5263.08
3442  0.00
3443  0.00
3444  0.00
3445  0.00
3446  0.00
3447  0.00
3448  0.00
3449  0.00
3450  0.00
3451  0.00
3452  0.00
3453 5378.54
3454 5379.43
3455 5386.03
3456 5388.66
3457 5388.05
3458 5387.15
3459 5388.13
3460 5388.99
3461 5389.08
3462 5387.47
3463 5386.37
3464 5386.43
3465 5386.88
3466 5387.07
3467 5387.19
3468 5386.43
3469 5387.38
3470 5386.57
3471 5387.64
3472 5386.60
3473 5387.28
3474 5387.55
3475 5386.76
3476 5385.85
3477 5385.30
3478 5385.10
3479 5386.42
3480 5384.48
3481 5386.36
3482 5381.49
3483 5371.23
3484 5355.51
3485 5357.65
3486 5361.21
3487 5392.67
3488 5391.45
3489 5385.46
3490 5389.25
3491 5386.52
3492 5384.97
3493 5385.45
3494 5386.63
3495 5386.02
3496 5383.08
3497 5383.08
3498 5387.07
3499 5388.82
3500 5385.85
3501 5385.34
3502 5383.45
3503 5383.13
3504 5382.48
3505 5381.29
3506 5381.58
3507 5379.44
3508 5380.55
3509 5381.75
3510 5382.99
3511 5384.34
3512 5384.13
3513 5385.04
3514 5385.39
3515 5384.51
3516 5385.12
3517 5384.08
3518 5384.33
3519 5384.64
3520 5384.41
3521 5387.35
3522 5388.21
3523 5389.35
3524 5385.93
3525 5386.65
3526 5385.84
3527 5388.76
3528 5385.09
3529 5384.41
3530 5382.89
3531 5384.64
3532 5382.18
3533 5382.27
3534 5380.53
3535 5384.20
3536 5384.75
3537 5386.01
3538 5384.65
3539 5383.17
3540 5385.64
3541 5385.38
3542 5387.01
3543 5386.58
3544 5385.50
3545 5385.60
3546 5382.00
3547 5384.82
3548 5384.61
3549 5385.16
3550 5383.02
3551 5380.44
3552 5384.34
3553 5382.09
3554 5383.60
3555 5380.63
3556 5382.87
3557 5383.18
3558 5381.06
3559 5382.19
3560 5379.90
3561 5383.08
3562 5381.14
3563 5385.10
3564 5384.02
3565 5384.80
3566 5383.09
3567 5384.38
3568 5385.84
3569 5385.14
3570 5383.31
3571 5382.49
3572 5381.91
3573 5386.48
3574 5384.60
3575 5385.68
3576 5381.11
3577  0.00
3578  0.00
3579  0.00
3580  0.00
3581  0.00
3582  0.00
3583  0.00
3584  0.00
3585  0.00
3586  0.00
3587  0.00
3588  0.00
3589  0.00
3590  0.00
3591  0.00
3592  0.00
3593  0.00
3594  0.00
3595  0.00
3596  0.00
3597  0.00
3598  0.00
3599  0.00
3600  0.00
3601  0.00
3602  0.00
3603  0.00
3604  0.00
3605  0.00
3606  0.00
3607  0.00
3608  0.00
3609  0.00
3610  0.00
3611  0.00
3612  0.00
3613  0.00
3614  0.00
3615  0.00
3616  0.00
3617  0.00
3618  0.00
3619  0.00
3620  0.00
3621  0.00
3622  0.00
3623  0.00
3624  0.00
3625  0.00
3626  0.00
3627  0.00
3628  0.00
3629  0.00
3630  0.00
3631  0.00
3632  0.00
3633  0.00
3634  0.00
3635  0.00
3636  0.00
3637  0.00
3638  0.00
3639  0.00
3640  0.00
3641  0.00
3642  0.00
3643  0.00
3644  0.00
3645  0.00
3646  0.00
3647  0.00
3648  0.00
3649  0.00
3650  0.00
3651  0.00
3652  0.00
3653  0.00
3654  0.00
3655  0.00
3656  0.00
3657  0.00
3658  0.00
3659  0.00
3660  0.00
3661  0.00
3662  0.00
3663  0.00
3664  0.00
3665  0.00
3666  0.00
3667  0.00
3668  0.00
3669  0.00
3670  0.00
3671  0.00
3672  0.00
3673  0.00
3674  0.00
3675  0.00
3676  0.00
3677  0.00
3678  0.00
3679  0.00
3680  0.00
3681  0.00
3682  0.00
3683  0.00
3684  0.00
3685  0.00
3686  0.00
3687  0.00
3688  0.00
