1  0.00
2  0.00
3  0.00
4  0.00
5  0.00
6  0.00
7  0.00
8  0.00
9  0.00
10  0.00
11  0.00
12  0.00
13  0.00
14  0.00
15  0.00
16  0.00
17  0.00
18  0.00
19  0.00
20  0.00
21  0.00
22  0.00
23  0.00
24  0.00
25 6264.22
26 6101.10
27 6045.87
28 6050.15
29 6046.54
30 6055.59
31 6055.94
32 6057.11
33 6057.38
34 6058.59
35 6058.90
36 6056.59
37 6055.41
38 6055.36
39 6056.14
40 6056.42
41 6056.56
42 6058.55
43 6058.14
44 6058.73
45 6056.98
46 6058.65
47 6057.12
48 6054.31
49 6054.11
50 6053.92
51 6056.65
52 6053.45
53 6052.00
54 6051.00
55 6052.37
56 6052.24
57 6051.87
58 6052.15
59 6052.96
60 6052.33
61 6051.55
62 6056.24
63 6157.97
64 6180.15
65 6187.82
66 6191.49
67 6193.94
68 6194.72
69 6192.10
70 6192.27
71 6191.61
72 6191.37
73 6192.35
74 6192.16
75 6192.97
76 6191.05
77 6192.79
78 6193.98
79 6194.39
80 6193.63
81 6194.03
82 6194.89
83 6193.24
84 6193.73
85 6192.44
86 6194.20
87 6194.05
88 6194.32
89 6192.96
90 6191.81
91 6193.38
92 6193.38
93 6193.78
94 6191.60
95 6192.36
96 6191.91
97 6193.67
98 6193.04
99 6194.85
100 6193.04
101 6193.71
102 6200.20
103 6236.86
104 6333.83
105 6365.93
106 6378.32
107 6385.51
108 6390.61
109 6391.04
110 6392.58
111 6071.18
112 6054.70
113 6051.56
114 6049.53
115 6051.65
116 6050.91
117 6048.87
118 6045.79
119 6043.88
120 6047.60
121 6047.79
122 6047.86
123 6042.64
124 6043.53
125 6041.85
126 6041.27
127 6038.06
128 6035.41
129 6032.72
130 6031.65
131 6033.45
132 6036.66
133 6036.14
134 6036.65
135 6030.75
136 6030.12
137 6027.62
138 6026.98
139 6025.33
140 6023.71
141 6019.33
142 6011.87
143 6009.90
144 6005.23
145 6001.32
146 5992.05
147 5988.12
148 5979.00
149 5978.74
150 5975.70
151 5974.31
152 5972.36
153 5968.63
154 5968.59
155 5964.64
156 5961.21
157 5959.00
158 5960.01
159 5961.62
160 5946.88
161 5925.07
162 5895.79
163 5890.63
164 5898.25
165 5897.61
166 5901.08
167 5903.92
168 5935.10
169 5935.72
170 5712.61
171 5696.97
172 5696.09
173 5695.34
174 5696.32
175 5696.12
176 5695.96
177 5695.09
178 5695.28
179 5695.61
180 5694.26
181 5693.50
182 5690.96
183 5691.64
184 5690.53
185 5691.56
186 5690.08
187 5690.20
188 5690.03
189 5691.44
190 5691.99
191 5693.09
192 5691.78
193 5693.25
194 5692.09
195 5694.33
196 5693.40
197 5694.58
198 5692.83
199 5692.94
200 5690.78
201 5692.23
202 5692.88
203 5694.89
204 5693.90
205 5693.46
206 5691.67
207 5691.75
208 5692.22
209 5692.77
210 5693.92
211 5692.94
212 5692.28
213 5691.48
214 5691.89
215 5692.46
216 5691.28
217 5692.92
218 5692.80
219 5690.36
220 5689.18
221 5687.74
222 5692.64
223 5693.21
224 5700.83
225 5703.93
226 5747.65
227 5892.24
228 5890.43
229 5891.30
230 5890.37
231 5893.14
232 5891.12
233 5891.78
234 5890.96
235 5891.47
236 5893.45
237 5892.93
238 5895.13
239 5893.71
240 5895.19
241 5896.24
242 5896.29
243 5897.30
244 5896.40
245 5895.99
246 5895.24
247 5896.34
248 5895.51
249 5895.02
250 5895.07
251 5896.87
252 5895.78
253 5896.07
254 5895.20
255 5895.71
256 5895.62
257 5895.76
258 5895.77
259 5896.33
260 5896.17
261 5896.14
262 5895.64
263 5895.39
264 5895.37
265 5895.19
266 5895.42
267 5895.25
268 5895.50
269 5895.29
270 5895.26
271 5896.50
272 5897.73
273 5897.56
274 5897.03
275 5902.88
276 5943.80
277 5975.20
278 5990.53
279 5995.38
280 6003.21
281 6000.84
282 5999.17
283 5984.93
284 5971.11
285 5943.93
286 5937.46
287 5934.49
288 5913.23
289 5907.66
290 5902.01
291 5898.57
292 5895.33
293 5895.07
294 5894.74
295 5897.67
296 5898.27
297 5899.46
298 5898.62
299 5897.71
300 5899.49
301 5898.66
302 5899.44
303 5896.92
304 5898.10
305 5896.80
306 5897.11
307 5897.19
308 5896.59
309 5895.63
310 5894.82
311 5896.37
312 5896.23
313 5896.46
314 5896.90
315 5896.70
316 5896.79
317 5897.91
318 5897.79
319 5896.91
320 5898.73
321 5906.87
322 5914.76
323 5913.47
324 5904.72
325 5897.70
326 5950.83
327 5992.83
328 6001.43
329 6002.00
330 6002.62
331 6006.04
332 6003.79
333 6006.66
334 5992.65
335 5997.62
336 5993.28
337 6001.27
338 5997.25
339 6001.33
340 5992.79
341 5986.80
342 5980.91
343 5980.42
344 5982.68
345 5983.16
346 5982.53
347 5981.47
348 5976.70
349 5976.20
350 5975.58
351 5975.80
352 5974.08
353 5968.46
354 5962.30
355 5959.21
356 5957.69
357 5951.86
358 5944.45
359 5934.99
360 5940.77
361 5944.40
362 5946.73
363 5946.24
364 5951.97
365 5956.70
366 5957.70
367 5950.69
368 5717.86
369 5696.58
370 5694.16
371 5693.26
372 5696.83
373 5698.31
374 5695.97
375 5695.84
376 5696.67
377 5699.50
378 5694.82
379 5691.49
380 5691.20
381 5694.06
382 5692.17
383 5688.46
384 5688.15
385 5692.52
386 5695.74
387 5693.56
388 5693.24
389 5695.72
390 5695.89
391 5694.64
392 5691.48
393 5695.59
394 5697.46
395 5698.19
396 5694.97
397 5698.97
398 5701.93
399 5704.36
400 5696.59
401 5697.41
402 5698.23
403 5697.87
404 5695.37
405 5693.32
406 5694.47
407 5695.95
408 5695.80
409 5693.64
410 5692.67
411 5692.27
412 5693.09
413 5692.93
414 5693.69
415 5693.25
416 5693.25
417 5691.46
418 5692.22
419 5693.86
420 5699.70
421 5699.98
422 5699.57
423 5697.12
424 5700.93
425 5706.08
426 5707.88
427 5715.49
428 5709.71
429 5722.73
430 5709.40
431 5716.09
432 5702.75
433 5702.03
434 5699.30
435 5708.50
436 5715.04
437 5747.76
438 5747.76
439 5689.97
440 5692.23
441 5693.76
442 5693.61
443 5694.24
444 5694.99
445 5694.84
446 5694.96
447 5695.27
448 5696.50
449 5695.60
450 5692.35
451 5692.34
452 5693.89
453 5690.92
454 5688.30
455 5687.70
456 5691.46
457 5694.39
458 5693.99
459 5694.09
460 5693.90
461 5694.97
462 5693.23
463 5692.89
464 5694.46
465 5683.61
466 5882.89
467 5886.33
468 5886.17
469 5885.64
470 5886.96
471 5885.32
472 5886.88
473 5883.90
474 5884.25
475 5884.37
476 5884.05
477 5884.87
478 5884.14
479 5883.13
480 5889.09
481  0.00
482  0.00
483  0.00
484  0.00
485  0.00
486  0.00
487  0.00
488  0.00
489 5462.05
490 5474.84
491 5482.28
492 5480.58
493 5482.01
494 5470.44
495 5475.22
496 5470.84
497 5479.43
498 5492.34
499 5471.51
500 5482.27
501 5477.07
502 5485.51
503 5481.18
504 5479.84
505 5479.91
506 5481.87
507 5486.22
508 5487.39
509 5487.73
510 5484.98
511 5484.95
512 5484.01
513 5485.06
514 5486.88
515 5487.39
516  0.00
517  0.00
518  0.00
519  0.00
520  0.00
521  0.00
522  0.00
523  0.00
524  0.00
525  0.00
526  0.00
527  0.00
528 5504.34
529 5489.00
530 5499.05
531 5493.08
532 5496.24
533 5497.89
534 5493.51
535 5496.89
536 5489.14
537 5495.37
538 5493.06
539 5498.23
540 5493.33
541 5493.71
542 5494.10
543 5498.17
544 5507.04
545 5521.40
546 5477.70
547 5477.70
548 5477.70
549 5488.56
550 5488.32
551 5490.17
552 5489.10
553 5490.04
554 5490.81
555 5491.78
556 5491.78
557 5489.29
558 5488.31
559 5489.09
560 5486.18
561 5488.38
562 5486.90
563 5489.57
564 5486.84
565 5485.36
566 5484.42
567 5483.34
568 5482.77
569 5482.44
570 5479.36
571 5475.37
572 5468.58
573 5463.79
574 5459.80
575 5456.28
576 5469.74
577 5490.38
578 5513.03
579 5520.78
580 5518.61
581 5518.18
582 5516.10
583 5519.98
584 5518.21
585 5512.20
586 5506.19
587 5498.11
588 5493.48
589 5397.08
590 5371.45
591 5365.88
592 5364.56
593 5366.71
594 5365.58
595 5367.01
596 5364.57
597 5368.05
598 5365.84
599 5363.65
600 5359.61
601 5357.85
602 5359.51
603 5359.70
604 5363.32
605 5360.89
606 5359.69
607 5358.66
608 5359.24
609 5357.81
610 5357.66
611 5358.82
612 5356.88
613 5358.25
614 5357.03
615 5359.82
616 5358.56
617 5354.95
618 5353.40
619 5351.13
620 5353.19
621 5352.82
622 5354.12
623 5353.24
624 5350.03
625 5348.29
626 5346.05
627 5347.07
628 5345.73
629 5345.84
630 5345.24
631 5343.31
632 5340.92
633 5338.44
634 5335.60
635 5335.23
636 5334.18
637 5335.62
638 5333.61
639 5334.39
640 5332.77
641 5331.92
642 5327.24
643 5325.39
644 5326.33
645 5331.75
646 5339.38
647 5366.81
648 5432.12
649 5413.40
650 5412.12
651 5446.98
652 5461.97
653 5603.05
654 5338.52
655 5344.41
656 5341.53
657 5339.29
658 5337.12
659 5335.82
660 5333.34
661 5334.27
662 5332.99
663 5334.00
664 5333.65
665 5333.86
666 5334.45
667 5334.38
668 5334.95
669 5335.03
670 5333.19
671 5330.96
672 5326.74
673 5323.09
674 5319.48
675 5317.85
676 5315.74
677 5312.51
678 5306.33
679 5305.33
680 5305.62
681 5306.15
682 5304.98
683 5302.35
684 5302.46
685 5306.80
686 5308.48
687 5308.98
688 5306.78
689 5305.88
690 5304.66
691 5304.80
692 5304.78
693 5310.38
694 5311.81
695 5316.23
696 5317.47
697 5312.51
698 5310.36
699 5303.13
700 5461.97
701 5554.74
702 5207.12
703 5202.11
704 5199.10
705 5195.10
706 5193.49
707 5196.31
708 5197.59
709 5196.51
710 5193.89
711 5192.61
712 5192.20
713 5193.33
714 5193.46
715 5194.17
716 5193.70
717 5194.71
718 5194.29
719 5193.69
720 5192.39
721 5193.89
722 5194.65
723 5195.41
724 5193.53
725 5192.74
726 5193.08
727 5194.04
728 5193.95
729 5193.17
730 5191.30
731 5192.06
732 5193.66
733 5198.26
734 5202.56
735 5207.04
736 5213.85
737 5228.10
738 5248.26
739 5262.43
740 5279.43
741 5294.79
742 5312.37
743 5322.23
744 5333.27
745 5343.86
746 5352.59
747 5346.39
748 5337.66
749 5359.67
750 5388.29
751 5523.26
752 5461.97
753 5460.90
754 5462.95
755 5481.05
756 5488.31
757 5480.35
758 5485.63
759 5480.04
760 5482.96
761 5485.44
762 5483.84
763 5486.52
764 5483.99
765 5488.87
766 5490.14
767 5484.06
768 5487.30
769 5484.55
770 5487.13
771 5486.69
772 5482.23
773 5483.78
774 5483.52
775 5485.94
776 5485.34
777 5481.24
778 5483.43
779 5480.21
780 5481.08
781 5480.07
782 5482.11
783 5482.53
784 5482.66
785 5480.84
786 5479.33
787 5478.42
788 5475.56
789 5470.95
790 5467.35
791 5463.30
792 5458.87
793 5449.91
794 5442.69
795 5440.06
796 5433.53
797 5431.78
798 5426.38
799 5427.19
800 5427.88
801 5441.01
802 5454.27
803 5471.90
804 5479.54
805 5488.32
806 5486.27
807 5488.08
808 5489.25
809 5497.09
810 5497.49
811 5538.93
812 5504.12
813 5515.03
814 5366.63
815 5351.45
816 5353.31
817 5354.65
818 5360.84
819 5388.29
820 5407.35
821 5418.36
822 5442.10
823 5507.73
824 5507.73
825 5520.43
826 5503.40
827 5487.49
828 5459.53
829 5401.03
830 5364.31
831 5355.82
832 5356.21
833 5357.30
834 5359.20
835 5372.23
836 5391.48
837 5510.73
838 5510.73
839 5512.90
840 5514.86
841 5507.53
842 5506.90
843 5506.02
844 5513.49
845 5512.07
846 5558.32
847 5558.32
848 5558.32
849 5589.28
850 5570.69
851  0.00
852  0.00
853  0.00
854  0.00
855  0.00
856 5392.46
857 5392.46
858 5392.46
859 5505.03
860 5509.53
861 5515.14
862 5519.37
863 5518.18
864 5518.17
865 5514.07
866 5514.39
867 5514.87
868 5522.46
869 5538.93
870 5358.00
871 5358.00
872 5352.57
873 5349.90
874 5351.01
875 5351.26
876 5347.93
877 5342.01
878 5343.24
879 5342.84
880 5341.56
881 5333.84
882 5330.32
883 5326.24
884 5324.03
885 5319.67
886 5315.42
887 5310.50
888 5305.43
889 5304.61
890 5304.28
891 5306.82
892 5303.91
893 5301.56
894 5304.31
895 5314.53
896 5326.47
897 5334.09
898 5339.22
899 5343.79
900 5339.00
901 5351.52
902 5256.10
903 5227.75
904 5215.97
905 5203.77
906 5199.51
907 5198.48
908 5196.40
909 5195.63
910 5197.93
911 5199.72
912 5198.29
913 5192.76
914 5188.23
915 5192.37
916 5192.80
917 5193.61
918 5191.12
919 5192.83
920 5194.06
921 5194.62
922 5194.15
923 5193.86
924 5193.62
925 5193.87
926 5192.59
927 5193.40
928 5192.72
929 5193.86
930 5193.25
931 5192.95
932 5193.40
933 5193.26
934 5193.16
935 5192.94
936 5196.64
937 5927.44
938 5903.89
939 5901.34
940 5896.41
941 5897.24
942 5891.90
943 5890.22
944 5893.23
945 5898.25
946 5898.37
947 5894.62
948 5888.96
949 5887.64
950 5888.75
951 5891.69
952 5884.45
953 5882.42
954 5879.52
955 5881.32
956 5881.00
957 5887.68
958 5908.66
959 5943.91
960 5956.61
961 5963.37
962 5964.06
963 5975.55
964 5977.81
965 5986.41
966 5979.21
967 5970.49
968 5971.61
969 5955.00
970 5707.55
971 5700.37
972 5701.19
973 5715.98
974 5713.68
975 5709.26
976 5703.02
977 5708.33
978 5707.81
979 5695.36
980 5696.50
981 5687.65
982 5694.07
983 5687.06
984 5694.17
985 5693.72
986 5698.71
987 5697.86
988 5700.28
989 5707.76
990 3292.12
991 3291.08
992 3290.26
993 3291.94
994 3292.81
995 3292.77
996 3291.86
997 3291.31
998 3290.45
999 3290.30
1000  0.00
1001  0.00
1002  0.00
1003  0.00
1004  0.00
1005  0.00
1006  0.00
1007 5496.20
1008 5499.86
1009 5494.32
1010 5495.31
1011 5493.24
1012 5496.93
1013 5495.69
1014 5494.81
1015 5492.47
1016 5492.66
1017 5490.99
1018 5492.49
1019 5491.25
1020 5492.58
1021 5491.35
1022 5489.07
1023 5484.66
1024 5476.68
1025 5472.30
1026 5464.77
1027 5460.25
1028 5455.14
1029 5454.70
1030 5454.97
1031 5459.65
1032 5457.29
1033 5456.52
1034 5462.94
1035 5480.39
1036 5503.23
1037 5508.23
1038 5507.73
1039 5507.73
1040 5492.34
1041 5504.86
1042 5492.34
1043 5515.05
1044 5380.21
1045 5353.75
1046 5346.41
1047 5350.98
1048 5345.58
1049 5338.97
1050 5339.05
1051 5336.78
1052 5345.22
1053 5341.98
1054 5346.03
1055 5344.17
1056 5349.28
1057 5344.79
1058 5340.09
1059 5336.93
1060 5339.94
1061 5337.88
1062 5335.49
1063 5333.38
1064 5336.52
1065 5338.58
1066 5338.56
1067 5338.59
1068 5326.14
1069  0.00
1070  0.00
1071  0.00
1072  0.00
1073  0.00
1074  0.00
1075 5319.08
1076 5315.48
1077 5319.90
1078 5319.90
1079 5319.90
1080 5316.92
1081 5313.18
1082 5312.67
1083 5310.26
1084 5305.39
1085 5304.44
1086 5293.02
1087 5295.86
1088 5304.49
1089 5295.50
1090 5295.50
1091 5284.20
1092 5281.27
1093 5275.27
1094 5235.54
1095 5187.59
1096 5197.25
1097 5209.90
1098 5209.00
1099 5223.28
1100 5204.56
1101 5200.05
1102 5194.88
1103 5194.25
1104 5194.92
1105 5197.22
1106 5198.16
1107 5196.72
1108 5187.80
1109 5191.48
1110 5186.80
1111 5193.23
1112 5198.69
1113 5202.04
1114 5199.44
1115 5193.15
1116 5189.60
1117 5193.19
1118 5197.43
1119 5197.86
1120 5194.14
1121 5192.23
1122 5193.67
1123 5194.56
1124 5195.18
1125 5192.39
1126 5192.36
1127 5192.96
1128 5194.35
1129 5194.92
1130 5193.91
1131 5192.53
1132 5194.54
1133 5193.92
1134 5194.28
1135 5192.73
1136 5192.18
1137 5191.84
1138 5191.65
1139 5192.11
1140 5193.06
1141 5193.51
1142 5192.76
1143 5192.68
1144 5191.03
1145 5192.66
1146 5191.12
1147 5193.24
1148 5191.31
1149 5193.04
1150 5191.99
1151 5193.77
1152 5192.64
1153 5193.42
1154 5192.53
1155 5191.98
1156 5193.33
1157 5192.43
1158 5195.27
1159 5192.85
1160 5194.18
1161 5193.36
1162 5194.51
1163 5193.45
1164 5192.88
1165 5193.30
1166 5195.64
1167 5194.67
1168 5193.27
1169 5193.09
1170 5193.20
1171 5194.03
1172 5193.36
1173 5194.25
1174 5193.61
1175 5195.26
1176 5192.74
1177 5194.19
1178 5191.21
1179 5193.97
1180 5193.96
1181 5193.55
1182 5193.54
1183 5191.73
1184 5192.67
1185 5192.44
1186 5193.06
1187 5192.20
1188 5193.17
1189 5194.30
1190 5194.32
1191 5191.27
1192 5192.51
1193 5193.87
1194 5193.56
1195 5192.40
1196 5190.28
1197 5192.18
1198 5193.79
1199 5193.37
1200 5191.14
1201 5191.00
1202 5193.51
1203 5196.83
1204 5195.92
1205 5193.26
1206 5191.32
1207 5192.85
1208 5195.15
1209 5205.60
1210 5189.42
1211 5184.12
1212 5184.72
1213 5200.60
1214 5204.13
1215 5197.99
1216 5182.96
1217 5181.23
1218 5190.70
1219 5203.13
1220 5201.97
1221 5190.83
1222 5186.11
1223 5186.31
1224 5202.47
1225 5197.94
1226 5200.75
1227 5178.54
1228 5184.62
1229 5186.12
1230 5197.67
1231 5200.80
1232 5194.61
1233 5210.22
1234 5216.74
1235  0.00
1236  0.00
1237  0.00
1238  0.00
1239  0.00
1240  0.00
1241  0.00
1242  0.00
1243  0.00
1244  0.00
1245  0.00
1246  0.00
1247  0.00
1248  0.00
1249  0.00
1250  0.00
1251  0.00
1252  0.00
1253  0.00
1254  0.00
1255  0.00
1256  0.00
1257  0.00
1258  0.00
1259  0.00
1260  0.00
1261  0.00
1262  0.00
1263  0.00
1264  0.00
1265  0.00
1266  0.00
1267  0.00
1268  0.00
1269  0.00
1270  0.00
1271  0.00
1272  0.00
1273  0.00
1274  0.00
1275  0.00
1276  0.00
1277  0.00
1278  0.00
1279  0.00
1280  0.00
1281  0.00
1282  0.00
1283  0.00
1284  0.00
1285  0.00
1286  0.00
1287  0.00
1288  0.00
1289  0.00
1290  0.00
1291  0.00
1292  0.00
1293  0.00
1294  0.00
1295  0.00
1296  0.00
1297  0.00
1298  0.00
1299  0.00
1300  0.00
1301  0.00
1302  0.00
1303  0.00
1304  0.00
1305  0.00
1306  0.00
1307  0.00
1308  0.00
1309  0.00
1310  0.00
1311  0.00
1312  0.00
1313  0.00
1314  0.00
1315  0.00
1316  0.00
1317  0.00
1318  0.00
1319  0.00
1320  0.00
1321  0.00
1322  0.00
1323  0.00
1324  0.00
1325  0.00
1326  0.00
1327  0.00
1328  0.00
1329  0.00
1330  0.00
1331  0.00
1332  0.00
1333  0.00
1334  0.00
1335  0.00
1336  0.00
1337 5195.71
1338 5195.71
1339 5201.62
1340 5198.60
1341 5197.21
1342 5194.89
1343 5195.70
1344 5196.85
1345 5197.61
1346 5197.72
1347 5196.85
1348 5195.89
1349 5193.07
1350 5190.70
1351 5192.22
1352 5192.13
1353 5193.05
1354 5191.50
1355 5192.90
1356 5193.15
1357 5194.73
1358 5193.85
1359 5193.24
1360 5191.48
1361 5192.14
1362 5193.05
1363 5193.69
1364 5193.56
1365 5192.80
1366 5194.08
1367 5195.07
1368 5196.28
1369 5194.36
1370 5192.96
1371 5192.33
1372 5193.38
1373 5193.39
1374 5193.32
1375 5192.76
1376 5192.98
1377 5193.23
1378 5192.96
1379 5192.04
1380 5191.26
1381 5192.72
1382 5193.19
1383 5193.94
1384 5192.82
1385 5192.61
1386 5192.89
1387 5192.52
1388 5192.06
1389 5191.90
1390 5192.56
1391 5193.01
1392 5193.16
1393 5192.78
1394 5192.98
1395 5192.21
1396 5192.51
1397 5192.40
1398 5192.27
1399 5192.02
1400 5191.45
1401 5192.14
1402 5191.99
1403 5192.11
1404 5192.32
1405 5191.92
1406 5192.33
1407 5192.03
1408 5192.20
1409 5191.68
1410 5191.53
1411 5192.21
1412 5192.55
1413 5193.16
1414 5192.56
1415 5192.57
1416 5192.15
1417 5192.78
1418 5193.62
1419 5193.74
1420 5193.47
1421 5191.96
1422 5191.44
1423 5191.32
1424 5192.62
1425 5192.89
1426 5192.36
1427 5191.52
1428 5192.19
1429 5193.06
1430 5192.46
1431 5191.56
1432 5191.90
1433 5192.58
1434 5192.59
1435 5192.52
1436 5192.64
1437 5192.53
1438 5192.70
1439 5192.29
1440 5192.08
1441 5191.54
1442 5191.97
1443 5192.99
1444 5193.01
1445 5194.07
1446 5192.35
1447 5192.89
1448 5191.29
1449 5193.64
1450 5192.97
1451 5193.75
1452 5192.20
1453 5192.55
1454 5192.57
1455 5193.48
1456 5192.85
1457 5192.61
1458 5192.03
1459 5192.03
1460 5192.06
1461 5192.23
1462 5191.87
1463 5191.90
1464 5192.18
1465 5192.79
1466 5191.06
1467 5191.32
1468 5191.01
1469 5193.22
1470 5191.31
1471 5191.65
1472 5190.27
1473 5191.43
1474 5191.44
1475 5190.60
1476 5189.69
1477 5187.09
1478 5187.29
1479 5188.29
1480 5190.85
1481 5188.65
1482 5186.85
1483 5185.64
1484 5187.92
1485 5191.74
1486 5191.05
1487 5191.72
1488 5189.80
1489 5190.52
1490 5192.16
1491 5191.38
1492 5190.16
1493 5189.81
1494 5190.33
1495 5192.95
1496 5192.56
1497 5184.74
1498 5351.21
1499 5899.13
1500 5897.25
1501 5895.34
1502 5894.38
1503 5895.04
1504 5893.05
1505 5893.09
1506 5892.63
1507 5894.57
1508 5893.26
1509 5894.25
1510 5893.34
1511 5895.67
1512 5894.32
1513 5893.09
1514 5891.82
1515 5895.99
1516 5895.78
1517 5895.96
1518 5891.57
1519 5892.59
1520 5907.95
1521 5934.87
1522 5946.89
1523 5950.74
1524 5957.48
1525 5956.75
1526 5960.90
1527 5953.79
1528 5945.95
1529 5936.06
1530 5892.98
1531 5886.33
1532 5721.33
1533 5863.15
1534 5737.53
1535 5728.99
1536 5730.10
1537 5857.72
1538 5867.20
1539 5876.74
1540 5903.81
1541 5914.97
1542 5700.65
1543 5712.61
1544 5692.63
1545 5695.30
1546 5692.85
1547 5712.61
1548 5703.93
1549 5612.22
1550 5869.21
1551 5873.78
1552 5881.11
1553 5880.95
1554 5881.30
1555 5883.76
1556 5885.72
1557 5885.30
1558 5875.13
1559 5454.46
1560 5469.82
1561 5475.72
1562 5479.93
1563 5478.09
1564 5477.99
1565 5476.16
1566 5477.97
1567 5473.20
1568 5475.33
1569 5476.01
1570 5482.85
1571 5481.29
1572 5483.62
1573 5476.26
1574 5476.62
1575 5476.48
1576 5481.16
1577 5482.48
1578 5480.43
1579 5480.38
1580 5480.47
1581 5480.14
1582 5481.28
1583 5480.46
1584 5479.68
1585 5479.19
1586 5478.47
1587 5481.50
1588 5480.02
1589 5478.99
1590 5477.91
1591 5473.79
1592 5471.99
1593 5471.99
1594 5394.86
1595 5885.92
1596 5877.15
1597 5878.28
1598 5876.32
1599 5881.90
1600 5881.90
1601 5884.09
1602 5882.82
1603 5880.70
1604 5881.18
1605 5880.34
1606 5882.43
1607 5882.39
1608 5881.60
1609 5882.57
1610 5880.54
1611 5882.73
1612 5883.45
1613 5885.64
1614 5887.37
1615 5891.99
1616 5913.84
1617 5947.51
1618 5959.99
1619 5963.93
1620 5967.37
1621 5968.61
1622 5978.08
1623 5981.32
1624 5981.82
1625 5978.68
1626 5977.56
1627 5974.17
1628 5970.64
1629 5961.75
1630 5933.40
1631 5928.06
1632 5920.45
1633 5899.35
1634 5882.16
1635 5702.47
1636 5698.91
1637 5700.38
1638 5698.84
1639 5696.84
1640 5695.91
1641 5699.73
1642 5703.47
1643 5700.33
1644 5696.75
1645 5694.87
1646 5695.62
1647 5694.28
1648 5693.17
1649 5694.67
1650 5696.34
1651 5696.46
1652 5694.73
1653 5693.69
1654 5695.61
1655 5695.64
1656 5693.52
1657 5692.44
1658 5692.18
1659 5694.45
1660 5693.34
1661 5683.23
1662 5966.76
1663 5978.14
1664 5977.98
1665 5979.22
1666 5981.27
1667 5976.54
1668 5985.36
1669 5976.72
1670 5980.46
1671 5989.51
1672 5981.92
1673 5986.80
1674 5975.31
1675 6005.78
1676 5956.45
1677 5904.19
1678 5893.74
1679 5886.05
1680 5884.53
1681 5883.90
1682 5882.71
1683 5882.21
1684 5884.93
1685 5886.99
1686 5887.01
1687 5884.45
1688 5882.95
1689 5883.07
1690 5883.19
1691 5885.17
1692 5883.02
1693 5883.53
1694 5883.28
1695 5882.78
1696 5882.80
1697 5880.72
1698 5882.38
1699 5881.72
1700 5882.26
1701 5881.49
1702 5880.08
1703 5879.73
1704 5878.23
1705 5877.60
1706 5876.21
1707 5875.65
1708 5877.34
1709 5879.35
1710 5880.59
1711 5882.18
1712 5881.58
1713 5882.51
1714 5881.69
1715 5882.94
1716 5883.78
1717 5886.72
1718 5888.38
1719 5891.24
1720 5892.15
1721 5894.53
1722 5894.47
1723 5894.78
1724 5893.08
1725 5892.76
1726 5893.23
1727 5894.83
1728 5894.57
1729 5896.25
1730 5891.92
1731 5890.18
1732 5889.09
1733 5892.16
1734 5890.10
1735 5889.12
1736 5885.91
1737 5884.51
1738 5884.25
1739 5884.46
1740 5885.75
1741 5886.25
1742 5885.47
1743 5885.10
1744 5882.74
1745 5882.87
1746 5883.00
1747 5887.14
1748 5895.13
1749 5901.35
1750 5905.58
1751 5905.99
1752 5903.88
1753 5902.52
1754 5898.34
1755 5898.89
1756 5897.33
1757 5897.81
1758 5899.53
1759 5894.57
1760 5894.26
1761 5891.00
1762 5896.85
1763 5897.99
1764 5894.59
1765 5894.15
1766 5889.18
1767 5888.09
1768 5891.06
1769 5896.89
1770 5903.44
1771 5897.89
1772 5895.67
1773 5898.97
1774 5900.00
1775 5895.99
1776 5885.85
1777 5886.41
1778 5891.83
1779 5894.01
1780 5890.30
1781 5894.77
1782 5890.97
1783 5894.56
1784 5896.89
1785 5901.24
1786 5901.64
1787 5893.90
1788 5891.97
1789 5896.56
1790 5902.65
1791 5902.80
1792 5898.14
1793 5893.08
1794 5888.81
1795 5886.95
1796 5889.46
1797 5899.33
1798 5894.30
1799 5890.73
1800 5884.95
1801 5885.96
1802 5884.72
1803 5884.48
1804 5886.02
1805 5887.24
1806 5889.36
1807 5889.40
1808 5886.82
1809 5890.31
1810 5890.12
1811 5893.01
1812 5891.10
1813 5892.57
1814 5889.24
1815 5887.25
1816 5891.04
1817 5895.73
1818 5895.68
1819 5887.92
1820 5885.14
1821 5893.22
1822 5897.54
1823 5897.72
1824 5895.97
1825 5894.10
1826 5891.62
1827 5890.64
1828 5902.31
1829 5922.66
1830 5934.54
1831 5942.17
1832 5949.24
1833 5943.12
1834 5933.58
1835 5935.10
1836 5706.39
1837 5695.87
1838 5695.38
1839 5693.83
1840 5693.90
1841 5695.98
1842 5698.34
1843 5698.20
1844 5696.21
1845 5697.46
1846 5698.98
1847 5696.95
1848 5691.97
1849 5692.03
1850 5692.16
1851 5691.60
1852 5688.50
1853 5687.25
1854 5690.33
1855 5693.17
1856 5693.74
1857 5682.59
1858 5641.39
1859 5860.84
1860  0.00
1861  0.00
1862  0.00
1863  0.00
1864  0.00
1865  0.00
1866  0.00
1867  0.00
1868  0.00
1869  0.00
1870  0.00
1871  0.00
1872  0.00
1873  0.00
1874  0.00
1875  0.00
1876  0.00
1877  0.00
1878 5491.89
1879 5491.01
1880 5492.41
1881 5491.34
1882 5492.36
1883 5493.52
1884 5493.96
1885 5493.73
1886 5493.21
1887 5492.38
1888 5492.20
1889 5492.58
1890 5492.32
1891 5491.31
1892 5490.75
1893 5489.75
1894 5489.56
1895 5487.88
1896 5485.15
1897 5484.00
1898 5487.19
1899 5914.94
1900 5898.52
1901 5893.98
1902 5888.81
1903 5888.51
1904 5890.30
1905 5888.07
1906 5889.23
1907 5889.45
1908 5890.51
1909 5888.92
1910 5886.87
1911 5887.03
1912 5888.41
1913 5888.52
1914 5886.97
1915 5887.42
1916 5888.76
1917 5890.20
1918 5887.51
1919 5888.45
1920 5888.08
1921 5888.47
1922 5887.56
1923 5888.80
1924 5890.50
1925 5893.15
1926 5899.98
1927 5925.18
1928 5943.52
1929 5951.14
1930 5953.77
1931 5960.07
1932 5963.14
1933 5967.42
1934 5966.59
1935 5967.52
1936 5975.68
1937 5976.79
1938 5975.66
1939 5967.54
1940 5961.52
1941 5958.21
1942 5956.38
1943 5942.66
1944 5917.82
1945 5903.37
1946 5708.92
1947 5706.87
1948 5705.39
1949 5709.19
1950 5709.29
1951 5704.76
1952 5704.77
1953 5703.06
1954 5696.99
1955 5691.21
1956 5688.84
1957 5690.75
1958 5694.88
1959 5695.93
1960 5699.11
1961 5699.28
1962 5697.95
1963 5698.30
1964 5699.06
1965 5697.80
1966 5699.90
1967 5699.38
1968 5697.08
1969 5695.37
1970 5695.04
1971 5697.79
1972 5696.60
1973 5695.47
1974 5693.91
1975 5697.01
1976 5696.87
1977 5698.35
1978 5695.85
1979 5702.22
1980 5706.74
1981 5710.58
1982 5707.13
1983 5711.20
1984 5714.51
1985 5714.42
1986 5713.52
1987 5715.91
1988 5942.66
1989 5955.00
1990 5965.04
1991 5975.13
1992 5955.00
1993 5941.71
1994 5955.00
1995 5955.00
1996 5925.24
1997 5925.24
1998 5945.03
1999 5945.03
2000 5925.24
2001 5915.43
2002 5914.77
2003 5925.24
2004 5924.73
2005 5901.49
2006 5910.69
2007 5891.23
2008 5915.49
2009 5902.59
2010 5913.19
2011 5906.20
2012 5902.84
2013 5901.88
2014 5896.93
2015 5906.19
2016 5895.98
2017 5894.64
2018 5876.42
2019 5888.75
2020 5877.62
2021 5893.57
2022 5895.98
2023 5901.06
2024 5893.20
2025 5893.63
2026 5896.22
2027 5902.39
2028 5906.99
2029 5894.65
2030 5888.09
2031 5889.02
2032 5895.74
2033 5894.32
2034 5891.31
2035 5886.40
2036 5895.98
2037 5884.05
2038 5882.52
2039 5886.33
2040 5876.74
2041 5876.74
2042 5869.37
2043 5886.33
2044 5886.33
2045 5875.62
2046 5863.62
2047 5864.67
2048 5867.20
2049 5867.20
2050 5873.41
2051 5857.77
2052 5861.11
2053 5860.61
2054 5864.49
2055 5859.48
2056 5869.62
2057 5876.74
2058 5895.98
2059 5995.50
2060 5489.62
2061 5495.06
2062 5495.24
2063 5496.43
2064 5494.52
2065 5495.01
2066 5495.35
2067 5495.67
2068 5493.25
2069 5489.78
2070 5488.27
2071 5488.49
2072 5487.98
2073 5487.93
2074 5484.81
2075 5486.17
2076 5484.83
2077 5484.83
2078 5480.72
2079 5476.47
2080 5465.47
2081 5457.17
2082 5449.59
2083 5448.98
2084 5450.13
2085 5462.34
2086 5486.91
2087 5501.03
2088 5502.57
2089 5508.40
2090 5507.78
2091 5502.94
2092 5499.10
2093 5495.53
2094 5499.73
2095 5348.30
2096 5348.30
2097 5343.06
2098 5343.58
2099 5342.35
2100 5345.99
2101 5344.53
2102 5343.89
2103 5341.82
2104 5343.20
2105 5344.76
2106 5346.90
2107 5345.67
2108 5345.66
2109 5345.23
2110 5345.46
2111 5347.04
2112 5345.48
2113 5345.39
2114 5341.46
2115 5345.46
2116 5344.50
2117 5344.26
2118 5342.10
2119 5343.93
2120 5344.83
2121 5346.80
2122 5346.29
2123 5346.58
2124 5345.25
2125 5345.32
2126 5345.55
2127 5344.87
2128 5342.50
2129 5341.12
2130 5338.52
2131 5343.04
2132 5317.78
2133 5328.73
2134 5675.11
2135 5676.19
2136 5685.65
2137 5690.35
2138 5697.18
2139 5697.97
2140 5693.12
2141 5692.29
2142 5692.06
2143 5692.36
2144 5687.77
2145 5687.27
2146 5688.29
2147 5691.12
2148 5690.43
2149 5690.23
2150 5692.05
2151 5695.98
2152 5695.86
2153 5691.27
2154 5689.18
2155 5690.73
2156 5692.62
2157 5692.24
2158 5692.21
2159 5693.22
2160 5694.86
2161 5695.43
2162 5691.21
2163 5691.91
2164 5691.31
2165 5695.96
2166 5693.09
2167 5695.04
2168 5692.48
2169 5694.57
2170 5692.61
2171 5694.74
2172 5688.09
2173 5701.27
2174 5714.91
2175 5744.74
2176 5835.60
2177 5835.60
2178 5835.60
2179 5847.18
2180 5863.86
2181 5812.03
2182 5644.26
2183 5488.66
2184 5495.78
2185 5494.53
2186 5493.75
2187 5492.30
2188 5494.07
2189 5494.78
2190 5494.35
2191 5493.09
2192 5491.30
2193 5490.86
2194 5484.27
2195 5486.33
2196 5481.71
2197 5483.93
2198 5479.72
2199 5481.25
2200 5479.19
2201 5478.46
2202 5475.37
2203 5474.58
2204 5473.30
2205 5473.55
2206 5474.04
2207 5474.23
2208 5475.68
2209 5475.59
2210 5478.13
2211 5478.70
2212 5481.58
2213 5485.61
2214 5490.57
2215 5494.80
2216 5493.62
2217 5494.86
2218 5495.86
2219 5499.33
2220 5499.55
2221 5497.85
2222 5495.64
2223 5493.33
2224 5491.78
2225 5488.13
2226 5487.82
2227 5484.15
2228 5483.32
2229 5478.31
2230 5478.79
2231 5482.21
2232 5482.78
2233 5486.84
2234 5487.67
2235 5490.12
2236 5492.53
2237 5494.47
2238 5495.39
2239 5496.64
2240 5498.16
2241 5501.80
2242 5499.49
2243 5499.55
2244 5493.90
2245 5492.30
2246 5486.74
2247 5481.93
2248 5478.53
2249 5481.70
2250 5481.10
2251 5481.89
2252 5478.59
2253 5479.24
2254 5479.82
2255 5480.44
2256 5486.22
2257 5486.67
2258 5490.94
2259 5486.74
2260 5488.79
2261 5485.63
2262 5487.12
2263 5483.59
2264 5483.48
2265 5484.76
2266 5485.74
2267 5486.20
2268  0.00
2269  0.00
2270  0.00
2271  0.00
2272  0.00
2273  0.00
2274  0.00
2275  0.00
2276  0.00
2277  0.00
2278  0.00
2279  0.00
2280  0.00
2281  0.00
2282  0.00
2283 5475.86
2284 5475.86
2285 5363.33
2286 5363.33
2287 5354.74
2288 5356.05
2289 5355.53
2290 5354.63
2291 5351.18
2292 5346.88
2293 5345.57
2294 5345.02
2295 5344.27
2296 5342.72
2297 5342.60
2298 5342.24
2299 5338.57
2300 5335.91
2301 5334.12
2302 5333.99
2303 5334.24
2304 5331.60
2305 5330.07
2306 5324.89
2307 5323.43
2308 5320.26
2309 5317.78
2310 5314.86
2311 5311.53
2312 5310.95
2313 5311.08
2314 5311.74
2315 5310.72
2316 5310.27
2317 5311.14
2318 5315.27
2319 5318.74
2320 5276.56
2321 5219.34
2322 5207.99
2323 5199.78
2324 5194.67
2325 5194.25
2326 5201.82
2327 5204.44
2328 5202.79
2329 5196.43
2330 5192.58
2331 5192.48
2332 5192.80
2333 5194.19
2334 5193.33
2335 5194.32
2336 5193.45
2337 5194.29
2338 5193.33
2339 5193.57
2340 5194.30
2341 5196.32
2342 5195.79
2343 5192.86
2344 5192.78
2345 5194.28
2346 5196.06
2347 5195.08
2348 5195.00
2349 5202.63
2350 5216.74
2351  0.00
2352  0.00
2353  0.00
2354  0.00
2355  0.00
2356  0.00
2357  0.00
2358  0.00
2359  0.00
2360  0.00
2361  0.00
2362  0.00
2363 5491.85
2364 5489.49
2365 5493.42
2366 5491.57
2367 5487.44
2368 5488.34
2369 5482.49
2370 5479.05
2371 5477.16
2372 5470.47
2373 5465.40
2374 5456.53
2375 5448.98
2376 5445.60
2377 5448.48
2378 5467.45
2379 5488.96
2380 5498.99
2381 5503.95
2382 5500.43
2383 5503.45
2384 5498.09
2385 5492.34
2386 5478.49
2387 5460.07
2388 5492.46
2389 5344.22
2390 5341.13
2391 5340.19
2392 5340.62
2393 5341.75
2394 5343.05
2395 5340.48
2396 5337.70
2397 5336.45
2398 5339.27
2399 5339.64
2400 5338.66
2401 5335.79
2402 5335.16
2403 5333.46
2404 5333.68
2405 5332.96
2406 5331.86
2407 5329.81
2408 5327.04
2409 5326.53
2410 5326.22
2411 5325.87
2412 5324.96
2413 5323.77
2414 5322.84
2415 5321.71
2416 5320.44
2417 5320.73
2418 5322.49
2419 5322.92
2420 5322.06
2421 5320.11
2422 5317.75
2423 5315.97
2424 5313.02
2425 5311.53
2426 5307.37
2427 5306.46
2428 5304.89
2429 5304.69
2430 5301.96
2431 5299.79
2432 5306.48
2433 5309.08
2434 5306.18
2435 5304.82
2436 5302.27
2437 5296.56
2438 5290.14
2439 5256.82
2440 5249.72
2441 5191.20
2442 5196.20
2443 5204.52
2444 5208.64
2445 5206.43
2446 5198.35
2447 5193.88
2448 5193.24
2449 5195.91
2450 5195.78
2451 5194.91
2452 5192.39
2453 5196.23
2454 5194.84
2455 5192.65
2456 5192.43
2457 5197.37
2458 5199.84
2459 5198.45
2460 5194.62
2461 5192.86
2462 5194.49
2463 5195.72
2464 5195.25
2465 5194.01
2466 5192.04
2467 5193.18
2468 5193.55
2469 5194.81
2470 5192.61
2471 5192.43
2472 5192.79
2473 5193.73
2474 5193.69
2475 5192.37
2476 5192.53
2477 5192.36
2478 5193.35
2479 5193.12
2480 5192.74
2481 5192.12
2482 5191.53
2483 5192.18
2484 5191.71
2485 5192.50
2486 5191.65
2487 5192.86
2488 5192.78
2489 5193.65
2490 5192.55
2491 5192.67
2492 5192.48
2493 5192.97
2494 5192.42
2495 5192.46
2496 5192.11
2497 5192.35
2498 5192.63
2499 5193.33
2500 5193.57
2501 5191.98
2502 5191.70
2503 5192.97
2504 5193.37
2505 5193.29
2506 5191.00
2507 5192.50
2508 5193.11
2509 5195.76
2510 5193.70
2511 5193.07
2512 5191.85
2513 5194.46
2514 5194.18
2515 5194.40
2516 5193.02
2517 5191.66
2518 5191.99
2519 5192.08
2520 5192.86
2521 5192.73
2522 5191.26
2523 5191.75
2524 5191.17
2525 5193.31
2526 5191.48
2527 5192.33
2528 5190.63
2529 5193.17
2530 5191.67
2531 5193.36
2532 5192.74
2533 5194.13
2534 5192.28
2535 5192.29
2536 5191.04
2537 5192.94
2538 5193.24
2539 5192.74
2540 5192.83
2541 5191.12
2542 5193.54
2543 5192.22
2544 5193.64
2545 5191.39
2546 5192.05
2547 5192.65
2548 5192.84
2549 5193.69
2550 5193.11
2551 5193.48
2552 5193.77
2553 5192.74
2554 5194.03
2555 5193.01
2556 5193.22
2557 7105.68
2558 7092.97
2559 7093.15
2560 7105.68
2561 7105.68
2562 7105.68
2563 7093.87
2564 7096.48
2565 7092.13
2566 7105.68
2567 7105.68
2568 7097.00
2569 5194.10
2570 5194.18
2571 5193.19
2572 5193.08
2573 5194.13
2574 5193.59
2575 5193.51
2576 5192.24
2577 5192.69
2578 5192.36
2579 5192.34
2580 5193.27
2581 5193.50
2582 5194.91
2583 5192.55
2584 5191.68
2585 5191.10
2586 5193.32
2587 5193.59
2588 5192.52
2589 5194.22
2590 5193.61
2591 5192.98
2592 5192.05
2593 5194.73
2594 5194.34
2595 5192.70
2596 5192.21
2597 5193.66
2598 5196.44
2599 5195.58
2600 5195.00
2601 5193.59
2602 5194.43
2603 5194.50
2604 5193.23
2605 5193.46
2606 5193.19
2607 5194.99
2608 5194.61
2609 5193.33
2610 5191.47
2611 5191.05
2612 5194.62
2613 5192.04
2614 5193.97
2615 5190.12
2616 5195.09
2617 5191.58
2618 5193.17
2619 5190.80
2620  0.00
2621  0.00
2622  0.00
2623  0.00
2624  0.00
2625  0.00
2626  0.00
2627  0.00
2628  0.00
2629  0.00
2630  0.00
2631  0.00
2632  0.00
2633  0.00
2634  0.00
2635  0.00
2636  0.00
2637  0.00
2638  0.00
2639  0.00
2640  0.00
2641  0.00
2642  0.00
2643  0.00
2644  0.00
2645  0.00
2646  0.00
2647  0.00
2648  0.00
2649  0.00
2650  0.00
2651  0.00
2652  0.00
2653  0.00
2654  0.00
2655  0.00
2656  0.00
2657  0.00
2658  0.00
2659  0.00
2660  0.00
2661  0.00
2662  0.00
2663  0.00
2664  0.00
2665  0.00
2666  0.00
2667  0.00
2668  0.00
2669  0.00
2670  0.00
2671  0.00
2672  0.00
2673  0.00
2674  0.00
2675  0.00
2676  0.00
2677  0.00
2678  0.00
2679  0.00
2680  0.00
2681  0.00
2682  0.00
2683  0.00
2684  0.00
2685  0.00
2686  0.00
2687  0.00
2688  0.00
2689  0.00
2690  0.00
2691  0.00
2692  0.00
2693  0.00
2694  0.00
2695  0.00
2696  0.00
2697  0.00
2698  0.00
2699  0.00
2700  0.00
2701  0.00
2702  0.00
2703  0.00
2704  0.00
2705  0.00
2706  0.00
2707  0.00
2708  0.00
2709 6046.46
2710 6046.46
2711 6046.46
2712 6046.46
2713 6044.88
2714 6044.22
2715 6048.32
2716 6048.98
2717 6048.15
2718 6044.28
2719 6047.48
2720 6051.63
2721 6056.76
2722 6055.40
2723 6051.18
2724 6050.61
2725 6050.64
2726 6052.24
2727 6051.33
2728 6050.42
2729 6051.69
2730 6052.30
2731 6053.71
2732 6053.98
2733 6054.23
2734 6053.79
2735 6053.19
2736 6053.34
2737 6054.40
2738 6054.84
2739 6054.07
2740 6052.42
2741 6052.05
2742 6051.65
2743 6165.03
2744 6183.20
2745 6188.79
2746 6185.58
2747 6190.52
2748 6192.61
2749 6193.53
2750 6192.79
2751 6189.27
2752 6191.30
2753 6187.22
2754 6187.36
2755 6183.54
2756 6185.02
2757 6186.61
2758 6184.48
2759 6192.45
2760 6190.90
2761 6195.23
2762 6190.04
2763 6195.28
2764 6189.67
2765 6192.76
2766 6188.81
2767 6193.15
2768 6190.82
2769 6191.78
2770 6187.45
2771 6188.57
2772 6189.52
2773 6190.46
2774 6190.76
2775 6187.85
2776 6192.31
2777 6188.49
2778 6192.33
2779 6196.53
2780 6208.54
2781 6214.62
2782 6226.73
2783 6382.65
2784 6409.85
2785 6404.85
2786 6404.73
2787 6399.50
2788 6399.81
2789 6401.68
2790 6403.44
2791 6402.07
2792 6399.27
2793 6398.03
2794 6398.29
2795 6396.77
2796 6399.07
2797 6404.92
2798 6405.18
2799 6402.94
2800 6399.27
2801 6397.28
2802 6396.99
2803 6395.64
2804 6396.80
2805 6395.95
2806 6396.41
2807 6396.67
2808 6397.10
2809 6395.82
2810 6396.17
2811 6395.93
2812 6397.03
2813 6397.87
2814 6400.21
2815 6414.61
2816 6437.79
2817 6446.86
2818 6443.58
2819 6427.28
2820 6409.61
2821 6422.52
2822 6429.47
2823 6430.99
2824 6417.45
2825 6401.41
2826 6399.91
2827 6400.25
2828 6393.19
2829 6396.56
2830 6400.92
2831 6411.42
2832 6406.68
2833 6403.50
2834 6390.20
2835 6393.80
2836 6393.19
2837 6395.13
2838 6394.73
2839 6023.06
2840 6023.06
2841 6020.78
2842 6020.86
2843 6019.79
2844 6021.18
2845 6022.41
2846 6025.72
2847 6025.26
2848 6024.29
2849 6021.38
2850 6019.51
2851 6017.11
2852 6014.58
2853 6019.15
2854 6018.21
2855 6018.30
2856 6014.98
2857 6013.02
2858 6013.33
2859 6009.87
2860 6010.36
2861 6007.31
2862 6006.49
2863 6004.14
2864 6003.35
2865 6000.99
2866 5999.82
2867 5996.39
2868 5993.18
2869 5990.66
2870 5990.70
2871 5990.26
2872 5989.47
2873 5987.26
2874 5985.25
2875 5982.86
2876 5981.75
2877 5983.12
2878 5983.52
2879 5985.86
2880 5986.17
2881 5985.10
2882 5983.91
2883 5968.81
2884 5930.99
2885 5902.33
2886 5894.36
2887 5889.73
2888 5891.90
2889 5893.38
2890 5895.98
2891 5901.18
2892 5868.91
2893 5682.69
2894 5690.88
2895 5691.47
2896 5694.43
2897 5695.67
2898 5696.24
2899 5696.90
2900 5695.62
2901 5697.00
2902 5695.95
2903 5693.93
2904 5693.06
2905 5692.93
2906 5692.23
2907 5690.26
2908 5689.22
2909 5689.17
2910 5690.75
2911 5693.13
2912 5695.26
2913 5695.34
2914 5693.36
2915 5692.52
2916 5692.45
2917 5692.34
2918 5693.80
2919 5692.66
2920 5693.27
2921 5691.67
2922 5692.98
2923 5691.77
2924 5693.02
2925 5693.50
2926 5693.12
2927 5692.68
2928 5691.51
2929 5690.67
2930 5691.09
2931 5690.87
2932 5692.23
2933 5691.93
2934 5691.91
2935 5692.64
2936 5689.84
2937 5691.10
2938 5690.56
2939 5693.65
2940 5692.38
2941 5690.18
2942 5689.71
2943 5691.44
2944 5693.20
2945 5689.99
2946 5688.35
2947 5689.58
2948 5691.90
2949 5692.45
2950 5689.02
2951 5688.49
2952 5689.53
2953 5693.46
2954 5691.99
2955 5689.16
2956 5687.30
2957 5691.43
2958 5693.27
2959 5691.63
2960 5685.87
2961 5686.22
2962 5691.42
2963 5695.60
2964 5690.91
2965 5686.94
2966 5688.46
2967 5695.28
2968 5695.75
2969 5690.20
2970 5686.57
2971 5689.02
2972 5692.46
2973 5692.11
2974 5688.24
2975 5686.77
2976 5691.63
2977 5693.34
2978 5693.22
2979 5686.71
2980 5687.51
2981 5690.29
2982 5693.10
2983 5688.16
2984 5685.67
2985 5687.03
2986 5692.96
2987 5696.38
2988 5693.70
2989 5695.23
2990 5695.30
2991 5486.76
2992 5920.93
2993 5898.39
2994 5892.14
2995 5881.59
2996 5882.66
2997 5882.37
2998 5884.36
2999 5884.87
3000 5887.79
3001 5887.81
3002 5886.41
3003 5884.52
3004 5883.65
3005 5884.26
3006 5884.90
3007 5884.95
3008 5884.87
3009 5886.21
3010 5885.58
3011 5884.68
3012 5884.98
3013 5885.29
3014 5884.76
3015 5884.51
3016 5885.62
3017 5887.34
3018 5887.32
3019 5887.77
3020 5888.19
3021 5888.98
3022 5888.32
3023 5887.34
3024 5888.25
3025 5895.51
3026 5907.23
3027 5925.28
3028 5934.88
3029 5945.24
3030 5950.56
3031 5953.44
3032 5960.08
3033 5964.16
3034 5965.99
3035 5964.38
3036 5968.96
3037 5969.62
3038 5967.58
3039 5970.24
3040 5961.77
3041 5957.10
3042 5957.22
3043 5960.42
3044 5964.33
3045 5960.95
3046 5958.61
3047 5953.97
3048 5948.97
3049 5946.92
3050 5946.15
3051 5944.64
3052 5947.37
3053 5950.93
3054 5958.26
3055 5958.03
3056 5961.94
3057 5957.26
3058 5993.65
3059 6016.11
3060 3802.70
3061 3800.17
3062 3800.17
3063 3801.56
3064 3800.60
3065 3796.69
3066 3797.60
3067 3800.23
3068 3800.82
3069 3797.96
3070 3798.27
3071 3800.65
3072 3800.44
3073 3799.78
3074 3582.69
3075 3584.29
3076 3582.66
3077 3582.43
3078 3582.43
3079 3584.70
3080 3800.92
3081 6079.46
3082 6079.46
3083 6079.46
3084 6022.66
3085 5996.24
3086 5963.86
3087 5945.03
3088 5936.65
3089 5985.29
3090 5984.30
3091 5980.04
3092 5977.42
3093 5974.12
3094 5972.93
3095 5971.72
3096 5970.12
3097 5971.09
3098 5971.83
3099 5972.89
3100 5967.51
3101 5962.12
3102 5955.01
3103 5952.21
3104 5952.67
3105 5956.24
3106 5955.05
3107 5953.05
3108 5954.82
3109 5960.59
3110 5962.23
3111 5961.50
3112 5955.61
3113 5951.35
3114 5944.87
3115 5940.04
3116 5924.12
3117 5906.03
3118 5905.24
3119 5917.17
3120 5955.00
3121 5909.25
3122 5896.01
3123 5891.81
3124 5892.72
3125 5899.90
3126 5897.92
3127 5895.29
3128 5893.11
3129 5895.77
3130 5895.25
3131 5887.25
3132 5883.21
3133 5883.00
3134 5884.80
3135 5880.93
3136 5877.82
3137 5876.86
3138 5875.86
3139 5874.30
3140 5874.80
3141 5877.38
3142 5878.85
3143 5884.61
3144 5893.88
3145 5918.60
3146 5939.85
3147 5943.27
3148 5946.22
3149 5947.13
3150 5947.89
3151 5951.47
3152 5951.01
3153 5958.52
3154 5940.81
3155 5913.64
3156 5913.96
3157 5809.24
3158 5712.61
3159 5706.87
3160 5700.88
3161 5703.10
3162 5697.79
3163 5696.76
3164 5699.95
3165 5701.65
3166 5700.30
3167 5695.67
3168 5698.53
3169 5692.19
3170 5689.30
3171 5688.74
3172 5691.66
3173 5692.17
3174 5691.67
3175 5694.85
3176 5700.30
3177 5699.94
3178 5694.12
3179 5692.68
3180 5698.91
3181 5701.95
3182 5697.74
3183 5694.86
3184 5726.60
3185 5826.01
3186 5935.10
3187 5944.06
3188 5946.25
3189 5952.03
3190 5966.25
3191 5971.48
3192 5969.72
3193 5965.23
3194 5951.57
3195 5955.22
3196 5952.92
3197 5965.04
3198 5950.43
3199 5892.09
3200 5880.22
3201 5873.19
3202 5879.80
3203 5882.64
3204 5884.13
3205 5883.01
3206 5885.73
3207 5884.77
3208 5885.15
3209 5881.51
3210 5880.72
3211 5879.02
3212 5882.23
3213 5882.69
3214 5882.58
3215 5881.16
3216 5883.07
3217 5883.16
3218 5883.08
3219 5884.18
3220 5884.74
3221 5884.26
3222 5884.54
3223 5883.36
3224 5884.64
3225 5883.54
3226 5884.14
3227 5882.68
3228 5883.43
3229 5885.70
3230 5897.23
3231 5904.10
3232 3984.21
3233 3986.30
3234 3987.77
3235 3987.81
3236 3987.58
3237 3986.54
3238 3985.83
3239 3983.71
3240 3983.17
3241 3983.04
3242 3982.70
3243 3982.49
3244 3982.99
3245 3983.23
3246 3983.61
3247 3983.38
3248 3984.30
3249 3983.35
3250 3983.19
3251 3982.42
3252 3984.44
3253 3984.10
3254 3984.06
3255 3983.06
3256 3983.25
3257 3983.61
3258 3983.98
3259 3983.56
3260 3982.66
3261 3981.98
3262 3981.74
3263 3981.75
3264 3982.36
3265 3982.28
3266 3982.37
3267 3981.95
3268 3981.91
3269 3981.91
3270 3981.40
3271 3980.69
3272 3978.44
3273 3978.57
3274 3982.87
3275 5891.64
3276 5891.64
3277 5891.64
3278 5887.65
3279 5885.59
3280 5885.49
3281 5886.04
3282 5885.36
3283 5886.31
3284 5886.70
3285 5887.24
3286 5885.20
3287 5884.79
3288 5884.95
3289 5885.03
3290 5885.44
3291 5883.93
3292 5884.45
3293 5883.80
3294 5884.72
3295 5884.79
3296 5885.41
3297 5884.67
3298 5884.57
3299 5884.98
3300 5885.93
3301 5885.18
3302 5885.49
3303 5885.11
3304 5885.35
3305 5885.27
3306 5885.33
3307 5885.34
3308 5885.78
3309 5885.17
3310 5885.34
3311 5885.24
3312 5885.90
3313 5886.15
3314 5885.35
3315 5885.16
3316 5884.86
3317 5885.31
3318 5886.34
3319 5886.22
3320 5887.31
3321 5886.44
3322 5887.68
3323 5892.56
3324 5896.38
3325 5891.91
3326 5890.86
3327 5887.00
3328 5888.76
3329 5886.60
3330 5887.75
3331 5888.12
3332 5889.30
3333 5886.61
3334 5885.70
3335 5885.17
3336 5888.04
3337 5887.22
3338 5887.39
3339 5886.23
3340 5887.77
3341 5887.56
3342 5887.54
3343 5886.02
3344 5886.63
3345 5885.03
3346 5886.45
3347 5885.32
3348 5886.38
3349 5885.17
3350 5885.90
3351 5885.92
3352 5885.18
3353 5884.93
3354 5884.77
3355 5885.97
3356 5885.87
3357 5885.42
3358 5885.47
3359 5885.05
3360 5885.47
3361 5885.04
3362 5886.24
3363 5885.67
3364 5887.91
3365 5889.17
3366 5892.23
3367 5888.41
3368 5880.51
3369 5895.41
3370 5894.42
3371 5892.76
3372 5889.24
3373 5886.76
3374 5886.62
3375 5887.00
3376 5887.91
3377 5887.64
3378 5887.08
3379 5885.89
3380 5885.60
3381 5885.94
3382 5886.62
3383 5886.87
3384 5885.89
3385 5885.64
3386 5885.21
3387 5884.91
3388 5884.99
3389 5883.92
3390 5884.18
3391 5883.51
3392 5885.11
3393 5885.04
3394 5884.86
3395 5883.90
3396 5884.73
3397 5884.95
3398 5885.40
3399 5884.10
3400 5884.60
3401 5883.75
3402 5884.68
3403 5884.26
3404 5884.38
3405 5883.98
3406 5883.67
3407 5884.77
3408 5884.77
3409 5905.94
3410 5905.94
3411 5905.94
3412 5905.94
3413 5896.05
3414 5891.53
3415 5885.53
3416 5885.33
3417 5882.51
3418 5884.18
3419 5884.22
3420 5886.00
3421 5885.54
3422 5884.97
3423 5883.78
3424 5884.14
3425 5883.82
3426 5885.02
3427 5884.49
3428 5885.29
3429 5885.45
3430 5884.67
3431 5883.60
3432 5884.20
3433 5884.26
3434 5884.27
3435 5884.40
3436 5885.49
3437 5885.39
3438 5885.16
3439 5884.49
3440 5885.13
3441 5884.52
3442 5883.75
3443 5883.43
3444 5884.07
3445 5884.25
3446 5884.73
3447 5884.62
3448 5886.00
3449 5885.55
3450 5886.48
3451 5884.94
3452 5883.63
3453 5891.61
3454 5895.38
3455 5899.19
3456 5893.69
3457 5891.44
3458 5890.73
3459 5890.75
3460 5890.01
3461 5888.35
3462 5887.11
3463 5886.63
3464 5889.96
3465 5890.30
3466 5889.75
3467 5888.30
3468 5886.41
3469 5887.89
3470 5888.86
3471 5889.26
3472 5887.33
3473 5886.25
3474 5886.90
3475 5887.67
3476 5887.40
3477 5887.15
3478 5886.73
3479 5885.64
3480 5885.50
3481 5884.32
3482 5885.11
3483 5884.62
3484 5885.08
3485 5884.91
3486 5885.11
3487 5886.25
3488 5887.48
3489 5887.79
3490 5887.65
3491 5886.05
3492 5885.15
3493 5881.95
3494 5880.92
3495 5881.73
3496 5884.15
3497 5891.95
3498 5903.88
3499 5898.98
3500 5895.90
3501 5890.09
3502 5886.46
3503 5883.82
3504 5886.06
3505 5888.02
3506 5888.03
3507 5887.86
3508 5888.93
3509 5889.58
3510 5889.16
3511 5887.31
3512 5887.14
3513 5886.90
3514 5888.19
3515 5888.43
3516 5888.33
3517 5888.21
3518 5887.82
3519 5886.22
3520 5885.32
3521 5885.44
3522 5886.16
3523 5885.67
3524 5886.19
3525 5886.43
3526 5887.28
3527 5887.07
3528 5887.52
3529 5887.48
3530 5887.75
3531 5887.30
3532 5887.79
3533 5887.76
3534 5886.64
3535 5885.03
3536 5883.08
3537 5882.98
3538 5910.95
3539 5897.64
3540 5892.62
3541 5886.27
3542 5889.69
3543 5889.36
3544 5890.36
3545 5886.41
3546 5888.06
3547 5890.82
3548 5892.26
3549 5889.92
3550 5888.17
3551 5884.83
3552 5887.39
3553 5890.43
3554 5887.73
3555 5890.48
3556 5892.99
3557 5890.99
3558 5891.07
3559 5890.52
3560 5890.41
3561 5889.12
3562 5889.26
3563 5888.76
3564 5888.36
3565 5887.39
3566 5887.91
3567 5887.01
3568 5886.57
3569 5886.50
3570 5894.01
3571 5903.22
3572 5920.61
3573 5925.93
3574 5928.17
3575 5935.26
3576 5945.91
3577 5948.70
3578 5947.46
3579 5929.03
3580 5921.84
3581 5913.60
3582 5909.50
3583 5918.39
3584 5903.89
3585 5898.83
3586 5899.05
3587 5898.56
3588 5883.10
3589 5865.33
3590 5869.46
3591 5886.06
3592 5887.74
3593 5876.12
3594 5880.06
3595 5880.70
3596 5878.21
3597 5874.80
3598 5950.65
3599 6099.04
3600  0.00
3601  0.00
3602  0.00
3603  0.00
3604  0.00
3605  0.00
3606  0.00
3607  0.00
3608  0.00
3609  0.00
3610  0.00
3611  0.00
3612  0.00
3613  0.00
3614  0.00
3615  0.00
3616  0.00
3617  0.00
3618  0.00
3619  0.00
3620  0.00
3621  0.00
3622  0.00
3623  0.00
3624 6036.97
3625 6036.97
3626 5981.15
3627 5921.03
3628 5915.85
3629 5904.54
3630 5896.90
3631 5887.76
3632 5894.16
3633 5894.35
3634 5896.92
3635 5895.14
3636 5895.33
3637 5893.11
3638 5890.90
3639 5893.73
3640 5895.95
3641 5894.77
3642 5892.34
3643 5893.59
3644 5893.87
3645 5894.74
3646 5894.73
3647 5895.36
3648 5902.62
3649 5917.01
3650 5950.94
3651 5954.99
3652 5959.91
3653 5966.88
3654 5968.11
3655 5966.18
3656 5954.05
3657 5942.41
3658 5937.15
3659 5895.98
3660 5800.17
3661 5730.10
3662 5730.85
3663 5730.10
3664 5710.68
3665 5704.56
3666 5719.93
3667 5736.32
3668 5732.07
3669 5708.85
3670 5710.95
3671 5721.33
3672 5713.84
3673 5697.38
3674 5692.00
3675 5697.73
3676 5702.87
3677 5706.19
3678 5708.55
3679 5695.30
3680 5955.00
3681 5945.03
3682 5945.03
3683 5940.43
3684 5955.00
3685 5951.94
3686 5954.87
3687 5957.31
3688 5945.97
3689 5945.03
3690 5965.04
3691 5911.77
3692 5897.96
3693 5891.98
3694 5886.51
3695 5882.38
3696 5882.47
3697 5882.90
3698 5882.11
3699 5882.19
3700 5882.35
3701 5881.37
3702 5878.81
3703 5877.46
3704 5878.42
3705 5879.62
3706 5880.82
3707 5879.21
3708 5879.18
3709 5878.74
3710 5879.94
3711 5879.68
3712 5879.61
3713 5880.04
3714 5880.95
3715 5880.38
3716 5879.86
3717 5879.93
3718 5880.90
3719 5879.94
3720 5879.46
3721 5879.32
3722 5880.14
3723 5880.32
3724 5881.15
3725 5881.21
3726 5881.27
3727 5880.72
3728 5880.06
3729 5880.22
3730 5880.13
3731 5881.44
3732 5880.92
3733 5880.86
3734 5879.56
3735 5880.48
3736 5880.08
3737 5879.95
3738 5879.49
3739 5878.36
3740 5880.62
3741 5879.28
3742 5879.56
3743 5879.25
3744 5879.21
3745 5879.56
3746 5879.64
3747 5880.89
3748 5882.14
3749 5881.93
3750 5881.84
3751 5881.74
3752 5883.19
3753 5885.44
3754 5884.88
3755 5883.90
3756 5883.83
3757 5885.52
3758 5888.86
3759 5888.82
3760 5888.00
3761 5885.98
3762 5886.83
3763 5888.48
3764 5888.51
3765 5886.43
3766 5884.78
3767 5884.82
3768 5886.82
3769 5889.16
3770 5890.43
3771 5892.74
3772 5899.21
3773 5914.24
3774 5932.65
3775 5939.84
3776 5938.86
3777 5943.83
3778 5942.20
3779 5945.03
3780 5945.03
3781 5920.39
3782 5904.80
3783 5904.80
3784 5703.65
3785 5703.65
3786 5703.65
3787 5703.65
3788 5697.08
3789 5696.39
3790 5695.84
3791 5694.94
3792 5696.02
3793 5696.65
3794 5698.06
3795 5695.57
3796 5692.38
3797 5692.49
3798 5691.93
3799 5690.60
3800 5687.71
3801 5687.11
3802 5689.28
3803 5688.34
3804 5689.84
3805 5690.87
3806 5695.02
3807 5694.91
3808 5693.21
3809 5692.33
3810 5696.83
3811 5684.62
3812 5819.46
3813  0.00
3814  0.00
3815  0.00
3816  0.00
3817  0.00
3818  0.00
3819  0.00
3820  0.00
3821  0.00
3822  0.00
3823  0.00
3824  0.00
3825  0.00
3826  0.00
3827  0.00
3828 5476.77
3829 5484.39
3830 5486.77
3831 5488.02
3832 5485.36
3833 5484.31
3834 5482.14
3835 5484.73
3836 5481.13
3837 5481.14
3838 5482.04
3839 5482.11
3840 5483.01
3841 5482.10
3842 5481.33
3843 5479.40
3844 5477.40
3845 5481.20
3846 5481.24
3847 5482.93
3848 5480.15
3849 5477.70
3850 5481.61
3851 5479.28
3852 5478.33
3853 5472.10
3854 5471.93
3855 5475.44
3856 5550.88
3857 5721.33
3858 5475.06
3859 5476.64
3860 5477.42
3861 5476.51
3862 5478.75
3863 5476.91
3864 5480.29
3865 5475.59
3866 5477.16
3867 5476.29
3868 5478.97
3869 5478.05
3870 5474.79
3871 5467.57
3872 5463.83
3873 5461.33
3874 5461.66
3875 5460.83
3876 5458.17
3877 5455.75
3878 5451.90
3879 5449.60
3880 5445.26
3881 5443.81
3882 5450.65
3883 5472.68
3884 5493.46
3885 5502.28
3886 5505.63
3887 5506.82
3888 5504.43
3889 5503.68
3890 5499.98
3891 5497.84
3892 5501.17
3893 5501.17
3894 5501.17
3895 5501.17
3896 5465.79
3897 5363.17
3898 5358.50
3899 5359.48
3900 5359.27
3901 5360.03
3902 5358.71
3903 5357.12
3904 5358.83
3905 5360.44
3906 5362.19
3907 5356.61
3908 5355.62
3909 5355.35
3910 5354.68
3911 5352.22
3912 5352.75
3913 5349.69
3914 5349.42
3915 5349.10
3916 5351.38
3917 5350.25
3918 5347.81
3919 5347.99
3920 5346.57
3921 5344.97
3922 5343.65
3923 5342.14
3924 5340.63
3925 5338.89
3926 5337.18
3927 5336.82
3928 5334.98
3929 5335.21
3930 5333.17
3931 5330.44
3932 5329.35
3933 5329.04
3934 5329.30
3935 5327.50
3936 5326.15
3937 5326.46
3938 5329.78
3939 5335.66
3940 5338.22
3941 5388.29
3942 5454.46
3943 5492.34
3944 5507.73
3945 5507.71
3946 5497.09
3947 5504.01
3948 5493.01
3949 5501.40
3950 5492.34
3951 5371.88
3952 5369.84
3953 5368.85
3954 5367.89
3955 5365.97
3956 5365.60
3957 5365.31
3958 5364.64
3959 5362.76
3960 5358.57
3961 5355.17
3962 5352.76
3963 5351.29
3964 5351.10
3965 5345.77
3966 5343.61
3967 5343.63
3968 5341.52
3969 5342.64
3970 5341.55
3971 5340.77
3972 5339.41
3973 5334.86
3974 5332.38
3975 5329.34
3976 5328.10
3977 5324.72
3978 5320.10
3979 5315.10
3980 5312.66
3981 5310.81
3982 5312.01
3983 5313.72
3984 5313.06
3985 5312.03
3986 5311.43
3987 5311.41
3988 5311.39
3989 5308.93
3990 5304.56
3991 5300.93
3992 5296.76
3993 5298.36
3994 5297.44
3995 5295.46
3996 5294.06
3997 5293.95
3998 5293.88
3999 5294.58
4000 5290.52
4001 5288.35
4002 5284.95
4003 5287.06
4004 5290.18
4005 5285.22
4006 5277.17
4007 5275.36
4008 5273.30
4009 5286.34
4010 5236.45
4011 5184.38
4012 5187.67
4013 5200.57
4014 5211.18
4015 5212.23
4016 5206.97
4017 5198.79
4018 5195.95
4019 5198.93
4020 5201.97
4021 5199.00
4022 5196.00
4023 5192.79
4024 5192.76
4025 5191.92
4026 5191.77
4027 5193.72
4028 5194.75
4029 5198.88
4030 5197.44
4031 5195.12
4032 5190.68
4033 5192.75
4034 5198.04
4035 5199.05
4036 5196.58
4037 5191.60
4038 5193.17
4039 5194.79
4040 5197.13
4041 5194.13
4042 5193.20
4043 5194.25
4044 5198.30
4045 5198.11
4046 5194.33
4047 5192.31
4048 5194.18
4049 5198.66
4050 5197.79
4051 5195.87
4052 5192.15
4053 5195.48
4054 5201.64
4055 5298.89
4056 5312.61
4057 5317.20
4058 5316.48
4059 5320.63
4060 5325.11
4061 5319.33
4062 5320.05
4063 5319.89
4064 5323.25
4065 5322.48
4066 5321.68
4067 5320.89
4068 5322.67
4069 5323.56
4070 5324.82
4071 5326.32
4072 5322.57
4073 5322.64
4074 5337.25
4075 5324.56
4076 5202.85
4077 5203.11
4078 5199.70
4079 5198.13
4080 5198.26
4081 5200.16
4082 5199.18
4083 5198.04
4084 5197.09
4085 5197.61
4086 5195.20
4087 5188.39
4088 5185.53
4089 5186.14
4090 5187.91
4091 5190.74
4092 5191.94
4093 5194.45
4094 5195.38
4095 5194.59
4096 5193.67
4097 5192.64
4098 5194.09
4099 5194.79
4100 5193.79
4101 5193.10
4102 5192.44
4103 5192.17
4104 5192.06
4105 5191.97
4106 5192.47
4107 5192.09
4108 5192.42
4109 5192.25
4110 5192.63
4111 5191.66
4112 5191.97
4113 5191.69
4114 5192.58
4115 5192.02
4116 5191.84
4117 5191.61
4118 5192.84
4119 5193.04
4120 5192.20
4121 5190.62
4122 5190.23
4123 5190.75
4124 5191.87
4125 5192.63
4126 5192.74
4127 5192.03
4128 5191.82
4129 5190.24
4130 5191.94
4131 5191.32
4132 5193.23
4133 5191.17
4134 5191.94
4135 5191.27
4136 5192.00
4137 5191.42
4138 5191.88
4139 5192.08
4140 5193.01
4141 5191.76
4142 5190.99
4143 5188.06
4144 5191.23
4145 5192.68
4146 5192.18
4147 5191.60
4148 5190.23
4149 5194.74
4150 5192.16
4151 5194.89
4152 5192.56
4153 5196.92
4154 5193.42
4155 5192.32
4156 5189.09
4157 5192.31
4158 5195.56
4159 5196.79
4160 5194.58
4161 5193.17
4162 5190.72
4163 5192.40
4164 5194.15
4165 5191.26
4166 5192.64
4167 5190.51
4168 5193.26
4169 5192.89
4170 5193.39
4171 5193.51
4172 5191.14
4173 5191.80
4174 5192.71
4175 5194.11
4176 5192.54
4177 5190.10
4178 5189.61
4179 5192.72
4180 5193.96
4181 5195.92
4182 5191.05
4183 5192.18
4184 5191.68
4185 5194.82
4186 5192.59
4187 5191.84
4188 5192.30
4189 5194.80
4190 5194.65
4191 5194.29
4192 5192.90
4193 5192.10
4194 5192.10
4195 5192.93
4196 5194.65
4197 5194.79
4198 5194.06
4199 5192.76
4200 5194.26
4201 5195.27
4202 5203.72
4203  0.00
4204  0.00
4205  0.00
4206  0.00
4207  0.00
4208  0.00
4209  0.00
4210  0.00
4211  0.00
4212  0.00
4213  0.00
4214  0.00
4215  0.00
4216  0.00
4217  0.00
4218  0.00
4219  0.00
4220  0.00
4221  0.00
4222  0.00
4223  0.00
4224  0.00
4225  0.00
4226  0.00
4227  0.00
4228  0.00
4229  0.00
4230  0.00
4231  0.00
4232  0.00
4233  0.00
4234  0.00
4235  0.00
4236  0.00
4237  0.00
4238  0.00
4239  0.00
4240  0.00
4241  0.00
4242  0.00
4243  0.00
4244  0.00
4245  0.00
4246  0.00
4247  0.00
4248  0.00
4249  0.00
4250  0.00
4251  0.00
4252  0.00
4253  0.00
4254  0.00
4255  0.00
4256  0.00
4257  0.00
4258  0.00
4259  0.00
4260  0.00
4261  0.00
4262  0.00
4263  0.00
4264  0.00
4265  0.00
4266  0.00
4267  0.00
4268  0.00
4269  0.00
4270  0.00
4271  0.00
4272  0.00
4273  0.00
4274  0.00
4275  0.00
4276  0.00
4277  0.00
4278  0.00
4279  0.00
4280  0.00
4281  0.00
4282  0.00
4283  0.00
4284  0.00
4285  0.00
4286  0.00
4287  0.00
4288  0.00
4289  0.00
4290  0.00
4291  0.00
4292  0.00
4293  0.00
4294  0.00
4295  0.00
4296  0.00
4297  0.00
4298  0.00
4299  0.00
4300  0.00
4301  0.00
4302  0.00
4303  0.00
4304  0.00
4305  0.00
4306  0.00
4307  0.00
4308  0.00
4309  0.00
4310  0.00
4311  0.00
4312  0.00
4313  0.00
4314  0.00
4315  0.00
4316  0.00
4317  0.00
4318  0.00
4319  0.00
4320  0.00
4321  0.00
4322  0.00
4323  0.00
4324  0.00
4325  0.00
4326  0.00
4327  0.00
4328  0.00
4329  0.00
4330  0.00
4331  0.00
4332  0.00
4333  0.00
4334  0.00
4335  0.00
4336  0.00
4337  0.00
4338  0.00
4339  0.00
4340  0.00
4341  0.00
4342  0.00
4343  0.00
4344  0.00
4345  0.00
4346  0.00
4347  0.00
4348  0.00
4349  0.00
4350  0.00
4351  0.00
4352  0.00
4353  0.00
4354  0.00
4355  0.00
4356  0.00
4357  0.00
4358  0.00
4359  0.00
4360  0.00
4361  0.00
4362  0.00
4363  0.00
4364  0.00
4365  0.00
4366  0.00
4367  0.00
4368  0.00
4369  0.00
4370  0.00
4371  0.00
4372  0.00
4373  0.00
4374  0.00
4375  0.00
4376  0.00
4377  0.00
4378  0.00
4379  0.00
4380  0.00
4381 5203.46
4382 5203.46
4383 5203.46
4384 5201.99
4385 5197.41
4386 5195.09
4387 5195.12
4388 5197.99
4389 5198.14
4390 5197.05
4391 5195.28
4392 5194.67
4393 5193.06
4394 5191.90
4395 5192.86
4396 5192.70
4397 5193.52
4398 5192.69
4399 5193.88
4400 5193.62
4401 5193.74
4402 5194.09
4403 5196.07
4404 5195.88
4405 5195.59
4406 5193.27
4407 5193.95
4408 5193.96
4409 5193.82
4410 5193.61
4411 5193.23
4412 5193.18
4413 5193.06
4414 5194.41
4415 5194.36
4416 5195.24
4417 5193.14
4418 5192.98
4419 5192.45
4420 5192.06
4421 5193.14
4422 5192.37
4423 5192.17
4424 5191.55
4425 5191.60
4426 5191.97
4427 5192.90
4428 5193.13
4429 5193.55
4430 5192.30
4431 5192.59
4432 5192.43
4433 5193.23
4434 5192.54
4435 5192.08
4436 5191.98
4437 5192.58
4438 5193.01
4439 5193.29
4440 5192.07
4441 5192.76
4442 5192.10
4443 5193.27
4444 5192.66
4445 5192.93
4446 5192.17
4447 5192.40
4448 5191.82
4449 5192.12
4450 5192.09
4451 5192.37
4452 5192.99
4453 5193.08
4454 5193.88
4455 5192.49
4456 5192.09
4457 5192.85
4458 5193.95
4459 5194.86
4460 5192.93
4461 5192.81
4462 5192.05
4463 5193.48
4464 5193.14
4465 5193.90
4466 5193.80
4467 5193.91
4468 5192.91
4469 5191.88
4470 5192.94
4471 5193.32
4472 5193.71
4473 5193.20
4474 5192.77
4475 5192.45
4476 5192.17
4477 5193.43
4478 5192.99
4479 5192.68
4480 5192.02
4481 5193.26
4482 5191.94
4483 5192.66
4484 5191.82
4485 5194.10
4486 5192.29
4487 5193.78
4488 5191.93
4489 5193.37
4490 5192.40
4491 5193.47
4492 5193.13
4493 5193.09
4494 5191.39
4495 5190.12
4496 5190.31
4497 5192.43
4498 5193.66
4499 5193.78
4500 5192.00
4501 5191.59
4502 5192.04
4503 5193.66
4504 5194.23
4505 5193.09
4506 5192.83
4507 5192.68
4508 5191.75
4509 5192.55
4510 5192.33
4511 5192.98
4512 5191.44
4513 5191.17
4514 5191.40
4515 5191.15
4516 5190.79
4517 5191.97
4518 5193.19
4519 5192.48
4520 5191.02
4521 5190.65
4522 5192.51
4523 5190.84
4524 5191.77
4525 5191.13
4526 5193.05
4527 5193.91
4528 5191.51
4529 5192.51
4530 5189.75
4531 5191.71
4532 5192.59
4533 5191.76
4534 5193.14
4535 5192.28
4536 5193.78
4537 5192.64
4538 5192.41
4539 5192.53
4540 5191.73
4541 5191.68
4542 5191.42
4543 5192.96
4544 5191.93
4545 5193.38
4546 5192.80
4547 5193.12
4548 5191.64
4549 5191.46
4550 5192.53
4551 5193.23
4552 5193.72
4553 5192.57
4554 5192.04
4555 5192.22
4556 5193.45
4557 5193.24
4558 5192.44
4559 5192.43
4560 5192.65
4561 5192.53
4562 5192.40
4563 5193.73
4564 5200.45
4565 5203.41
4566 5205.95
4567 5195.00
4568 5197.95
4569 5203.72
4570 5499.60
4571 5484.71
4572 5489.14
4573 5489.75
4574 5488.07
4575 5491.05
4576 5494.24
4577 5498.15
4578 5498.37
4579 5495.75
4580 5496.30
4581 5494.10
4582 5495.38
4583 5495.57
4584 5497.78
4585 5498.95
4586 5498.98
4587 5498.89
4588 5497.96
4589 5499.02
4590 5498.73
4591 5499.32
4592 5500.27
4593 5500.96
4594 5500.86
4595 5498.93
4596 5499.09
4597 5498.56
4598 5498.72
4599 5498.53
4600 5498.95
4601 5498.30
4602 5497.91
4603 5498.12
4604 5498.21
4605 5498.80
4606 5498.64
4607 5499.51
4608 5499.87
4609 5507.60
4610 5522.57
4611 5677.13
4612 5685.37
4613 5684.96
4614 5685.74
4615 5686.32
4616 5680.10
4617 5680.02
4618 5680.59
4619 5680.77
4620 5680.78
4621 5682.00
4622 5683.64
4623 5686.89
4624 5687.80
4625 5688.71
4626 5685.89
4627 5685.49
4628 5683.48
4629 5684.09
4630 5687.26
4631 5688.31
4632 5691.18
4633 5692.74
4634 5694.87
4635 5693.04
4636 5691.95
4637 5690.74
4638 5690.65
4639 5691.27
4640 5692.81
4641 5693.95
4642 5693.11
4643 5691.24
4644 5690.92
4645 5691.93
4646 5694.06
4647 5692.25
4648 5690.73
4649 5690.19
4650 5691.67
4651 5691.59
4652 5692.38
4653 5690.95
4654 5691.00
4655 5689.00
4656 5675.29
4657 5668.35
4658 5671.03
4659 5918.92
4660 5908.48
4661 5906.62
4662 5905.10
4663 5903.82
4664 5903.38
4665 5903.14
4666 5903.65
4667 5902.71
4668 5902.58
4669 5901.01
4670 5902.20
4671 5901.44
4672 5903.80
4673 5903.06
4674 5902.72
4675 5900.55
4676 5901.18
4677 5901.36
4678 5902.29
4679 5901.40
4680 5901.31
4681 5900.77
4682 5901.28
4683 5901.46
4684 5902.13
4685 5902.00
4686 5901.33
4687 5900.82
4688 5901.05
4689 5902.16
4690 5903.03
4691 5902.42
4692 5902.62
4693 5901.79
4694 5902.15
4695 5903.82
4696 5912.25
4697 5921.65
4698 5934.44
4699 5946.85
4700 5955.51
4701 5964.28
4702 5969.79
4703 5969.54
4704 5963.12
4705 5953.50
4706 5937.44
4707 5856.15
4708 5721.39
4709 5708.64
4710 5702.46
4711 5702.75
4712 5706.64
4713 5706.25
4714 5704.50
4715 5695.32
4716 5699.22
4717 5703.49
4718 5702.21
4719 5694.77
4720 5690.29
4721 5693.20
4722 5694.12
4723 5692.04
4724 5692.92
4725 5694.60
4726 5695.74
4727 5693.67
4728 5694.72
4729 5697.50
4730 5699.26
4731 5698.22
4732 5699.43
4733 5699.62
4734 5702.26
4735 5702.69
4736 5703.55
4737 5707.48
4738 5709.88
4739 5711.23
4740 5711.05
4741 5712.79
4742 5712.61
4743 5706.06
4744 5703.51
4745 5706.67
4746 5712.94
4747 5716.45
4748 5714.06
4749 5713.43
4750 5927.01
4751 5926.42
4752 5925.25
4753 5924.69
4754 5919.08
4755 5917.41
4756 5916.29
4757 5913.33
4758 5774.75
4759 5801.87
4760 5792.73
4761 5801.87
4762 5799.51
4763 5867.20
4764 5886.33
4765 5856.95
4766 5756.66
4767 5706.96
4768 5704.58
4769 5698.84
4770 5696.72
4771 5696.38
4772 5702.15
4773 5703.92
4774 5700.28
4775 5695.12
4776 5701.71
4777 5704.05
4778 5700.00
4779 5690.57
4780 5691.22
4781 5694.88
4782 5693.71
4783 5691.42
4784 5693.42
4785 5698.67
4786 5699.01
4787 5695.11
4788 5693.54
4789 5697.00
4790 5697.67
4791 5698.42
4792 5698.38
4793 5703.58
4794 5706.52
4795 5704.19
4796 5703.86
4797 5708.44
4798 5716.50
4799 5713.42
4800 5709.05
4801 5706.30
4802 5706.23
4803 5704.21
4804 5703.20
4805 5703.93
4806 5709.50
4807 5707.55
4808 5702.83
4809 5699.83
4810 5704.84
4811 5710.11
4812 5707.93
4813 5706.01
4814 5705.75
4815 5709.06
4816 5709.33
4817 5719.71
4818 5747.76
4819 5774.60
4820 5905.68
4821 5907.22
4822 5904.75
4823 5903.01
4824 5901.62
4825 5900.26
4826 5899.77
4827 5899.50
4828 5897.04
4829 5899.17
4830 5900.75
4831 5901.30
4832 5899.35
4833 5898.91
4834 5901.87
4835 5902.15
4836 5900.85
4837 5900.46
4838 5899.98
4839 5900.30
4840 5900.58
4841 5900.10
4842 5900.12
4843 5900.86
4844 5901.24
4845 5900.95
4846 5900.62
4847 5901.36
4848 5900.83
4849 5900.81
4850 5900.44
4851 5900.92
4852 5901.00
4853 5900.53
4854 5901.31
4855 5899.48
4856 5900.05
4857 5900.53
4858 5900.50
4859 5900.74
4860 5898.76
4861 5899.72
4862 5901.50
4863 5899.02
4864 5899.99
4865 5899.36
4866 5899.06
4867 5899.68
4868 5897.62
4869 5899.06
4870 5897.60
4871 5895.36
4872 5900.06
4873 5900.06
4874 5901.31
4875 5902.16
4876 5905.15
4877 5910.86
4878 5911.70
4879 5912.37
4880 5943.20
4881 5907.68
4882 5902.66
4883 5898.85
4884 5896.22
4885 5894.74
4886 5894.26
4887 5895.10
4888 5896.50
4889 5898.30
4890 5898.84
4891 5895.86
4892 5894.84
4893 5895.45
4894 5898.47
4895 5896.54
4896 5896.76
4897 5895.41
4898 5897.59
4899 5896.22
4900 5896.97
4901 5894.78
4902 5895.29
4903 5894.55
4904 5895.25
4905 5896.02
4906 5896.15
4907 5896.27
4908 5895.92
4909 5896.96
4910 5898.58
4911 5898.52
4912 5897.78
4913 5896.00
4914 5895.52
4915 5895.97
4916 5895.52
4917 5894.60
4918 5895.13
4919 5894.52
4920 5894.45
4921 5892.16
4922 5893.48
4923 5894.37
4924 5895.30
4925 5894.85
4926 5894.47
4927 5894.26
4928 5895.64
4929 5896.32
4930 5896.77
4931 5895.52
4932 5895.16
4933 5895.19
4934 5896.17
4935 5895.09
4936 5895.29
4937 5894.62
4938 5892.77
4939 5897.89
4940 5897.21
4941 5898.00
4942 5892.47
4943 5950.95
4944 5927.85
4945 5914.54
4946 5901.81
4947 5896.65
4948 5895.48
4949 5896.12
4950 5896.77
4951 5896.12
4952 5899.01
4953 5900.78
4954 5900.59
4955 5898.80
4956 5898.35
4957 5900.77
4958 5900.36
4959 5899.50
4960 5897.99
4961 5898.07
4962 5898.68
4963 5899.85
4964 5899.20
4965 5898.62
4966 5899.43
4967 5899.88
4968 5900.24
4969 5898.95
4970 5898.89
4971 5898.58
4972 5899.29
4973 5899.25
4974 5900.34
4975 5898.93
4976 5899.40
4977 5898.69
4978 5899.15
4979 5899.81
4980 5899.50
4981 5899.24
4982 5899.23
4983 5898.83
4984 5899.55
4985 5898.56
4986 5897.93
4987 5897.18
4988 5896.51
4989 5899.25
4990 5908.58
4991 5918.84
4992 5928.65
4993 5940.08
4994 5959.54
4995 5987.49
4996 5998.74
4997 6025.67
4998 6057.86
4999 6056.49
5000 6055.42
5001 6054.41
5002 6052.39
5003 6051.33
5004 6051.11
5005 6054.31
5006 6057.50
5007 6059.14
5008 6062.38
5009 6062.64
5010 6059.42
5011 6056.82
5012 6051.97
5013 6052.83
5014 6062.38
5015 6061.06
5016 6059.60
5017 6061.08
5018 6066.51
5019 6060.33
5020 6058.59
5021 6058.70
5022 6065.60
5023 6061.78
5024 6053.28
5025 6052.16
5026 6051.90
5027 6045.73
5028 5975.27
5029 5931.65
5030 5913.91
5031 5925.24
5032 6209.14
5033 6199.35
5034 6199.13
5035 6196.80
5036 6199.26
5037 6200.07
5038 6200.17
5039 6199.02
5040 6196.65
5041 6195.42
5042 6195.75
5043 6196.59
5044 6198.49
5045 6199.54
5046 6199.83
5047 6200.66
5048 6198.84
5049 6199.77
5050 6199.19
5051 6200.21
5052 6199.85
5053 6200.57
5054 6200.11
5055 6201.42
5056 6201.04
5057 6202.15
5058 6200.79
5059 6201.75
5060 6200.81
5061 6201.46
5062 6200.87
5063 6200.52
5064 6198.88
5065 6199.14
5066 6197.94
5067 6200.35
5068 6198.17
5069 6201.05
5070 6197.03
5071 6198.84
5072 6196.58
5073 6199.94
5074 6197.89
5075 6197.10
5076 6193.67
5077 6193.25
5078 6193.03
5079 6194.31
5080 6196.78
5081 6156.41
5082 6156.41
5083 6067.30
5084 6065.65
5085 6063.40
5086 6064.52
5087 6063.44
5088 6064.70
5089 6064.35
5090 6065.79
5091 6065.31
5092 6065.60
5093 6063.57
5094 6063.65
5095 6060.42
5096 6060.93
5097 6059.96
5098 6061.78
5099 6060.60
5100 6060.55
5101 6060.73
5102 6061.93
5103 6060.62
5104 6059.80
5105 6059.81
5106 6061.49
5107 6061.64
5108 6061.19
5109 6060.79
5110 6060.16
5111 6059.51
5112 6058.41
5113 6057.74
5114 6056.22
5115 6055.13
5116 6055.48
5117 6055.10
5118 6053.60
5119 6050.59
5120 6048.73
5121 6046.90
5122 6041.93
5123 6040.68
5124 6037.08
5125 6036.82
5126 6033.94
5127 6029.64
5128 6024.58
5129 6020.94
5130 6015.38
5131 6008.51
5132 6005.38
5133 6002.21
5134 5991.37
5135 5984.57
5136 5985.90
5137 5994.47
5138 5957.12
5139 5921.36
5140 5912.81
5141 5909.82
5142 5905.42
5143 5901.89
5144 5896.46
5145 5889.02
5146 5886.96
5147 5889.44
5148 5901.59
5149 5860.80
5150 5693.61
5151 5697.09
5152 5696.93
5153 5697.60
5154 5697.74
5155 5696.78
5156 5698.31
5157 5696.47
5158 5694.40
5159 5693.95
5160 5692.84
5161 5693.62
5162 5690.82
5163 5691.64
5164 5691.66
5165 5693.10
5166 5691.62
5167 5693.20
5168 5692.75
5169 5694.29
5170 5692.17
5171 5691.54
5172 5691.74
5173 5693.24
5174 5694.38
5175 5694.68
5176 5694.48
5177 5695.28
5178 5693.74
5179 5693.53
5180 5693.23
5181 5694.07
5182 5691.22
5183 5675.85
5184 5656.70
5185 5632.20
5186 5629.10
5187 5630.75
5188 5556.91
5189 5915.80
5190 5906.84
5191 5901.37
5192 5895.42
5193 5890.72
5194 5890.06
5195 5890.19
5196 5892.35
5197 5892.68
5198 5893.89
5199 5893.65
5200 5892.19
5201 5892.61
5202 5895.14
5203 5896.10
5204 5895.03
5205 5893.87
5206 5894.30
5207 5894.11
5208 5893.33
5209 5894.48
5210 5895.69
5211 5896.64
5212 5897.17
5213 5899.03
5214 5899.95
5215 5900.48
5216 5899.59
5217 5900.23
5218 5901.07
5219 5901.80
5220 5901.61
5221 5901.29
5222 5901.06
5223 5910.66
5224 5925.21
5225 5940.16
5226 5947.92
5227 5950.59
5228 5955.22
5229 5958.55
5230 5962.84
5231 5964.80
5232 5963.24
5233 5969.21
5234 5969.22
5235 5966.05
5236 5965.88
5237 5966.02
5238 5969.31
5239 5965.12
5240 5958.94
5241 5958.61
5242 5962.27
5243 5967.36
5244 5959.23
5245 5950.01
5246 5945.25
5247 6179.04
5248 5714.85
5249 5701.00
5250 5698.95
5251 5696.19
5252 5696.85
5253 5697.89
5254 5697.02
5255 5697.87
5256 5696.01
5257 5697.32
5258 5693.34
5259 5690.87
5260 5687.50
5261 5689.97
5262 5688.52
5263 5689.68
5264 5690.24
5265 5691.82
5266 5692.12
5267 5692.33
5268 5692.29
5269 5692.71
5270 5691.44
5271 5691.25
5272 5693.54
5273 5694.54
5274 5693.58
5275 5691.76
5276 5691.16
5277 5694.12
5278 5695.33
5279 5694.72
5280 5696.41
5281 5696.42
5282 5697.34
5283 5697.33
5284 5694.81
5285 5700.19
5286 5697.95
5287 5703.63
5288 5696.06
5289 5700.75
5290 5701.84
5291 5711.31
5292 5710.36
5293 5717.71
5294 5722.79
5295 5729.43
5296 5730.70
5297 5729.55
5298 5756.66
5299 5774.60
5300 5820.28
5301 5857.72
5302 5857.72
5303 5846.73
5304 5857.72
5305 5867.20
5306 5876.74
5307 5738.91
5308 5721.98
5309 5730.94
5310 5868.31
5311 5876.74
5312 5886.33
5313 5872.76
5314 5867.20
5315 5706.61
5316 5701.73
5317 5701.43
5318 5701.45
5319 5700.86
5320 5697.64
5321 5893.91
5322 5900.76
5323 5903.85
5324 5897.84
5325 5884.01
5326 5876.92
5327 5879.57
5328 5889.75
5329 5888.22
5330 5892.24
5331 5881.26
5332 5511.81
5333 5512.84
5334 5508.00
5335 5506.69
5336 5505.16
5337 5506.31
5338 5507.14
5339 5508.26
5340 5506.94
5341 5507.87
5342 5504.94
5343 5506.12
5344 5503.17
5345 5503.77
5346 5502.57
5347 5504.42
5348 5504.55
5349 5505.39
5350 5507.47
5351 5507.20
5352 5506.39
5353 5504.15
5354 5503.65
5355 5503.68
5356 5504.82
5357 5502.66
5358 5502.03
5359 5499.80
5360 5501.50
5361 5499.15
5362 5496.99
5363 5496.79
5364 5507.73
5365 5501.65
5366 5501.51
5367 5503.18
5368 5501.26
5369 5501.92
5370 5497.26
5371 5497.78
5372 5496.00
5373 5498.18
5374 5498.27
5375 5497.62
5376 5496.66
5377 5496.83
5378 5496.74
5379 5496.65
5380 5496.31
5381 5495.76
5382 5495.72
5383 5495.46
5384 5495.99
5385 5495.41
5386 5495.60
5387 5496.05
5388 5495.87
5389 5496.49
5390 5495.95
5391 5496.78
5392 5495.88
5393 5497.10
5394 5497.70
5395 5500.57
5396 5500.40
5397 5498.73
5398 5494.36
5399 5497.57
5400 5495.43
5401 5494.64
5402 5495.42
5403 5496.87
5404 5498.59
5405 5496.93
5406 5496.45
5407 5495.52
5408 5493.16
5409 5494.62
5410 5492.41
5411 5494.65
5412 5491.34
5413 5492.34
5414 5486.56
5415 5481.12
5416 5477.92
5417 5476.60
5418 5479.73
5419 5499.89
5420 5546.69
5421 5560.83
5422 5560.33
5423 5552.42
5424 5552.74
5425 5543.53
5426 5541.29
5427 5554.74
5428 5399.78
5429 5381.24
5430 5376.63
5431 5379.11
5432 5378.19
5433 5376.60
5434 5372.52
5435 5366.72
5436 5363.68
5437 5360.64
5438 5358.95
5439 5359.58
5440 5360.73
5441 5362.12
5442 5358.74
5443 5356.69
5444 5356.68
5445 5357.77
5446 5353.63
5447 5356.86
5448 5355.12
5449 5358.14
5450 5354.62
5451 5355.98
5452 5354.16
5453 5354.13
5454 5352.46
5455 5353.38
5456 5353.23
5457 5355.41
5458 5354.32
5459 5353.69
5460 5351.10
5461 5349.90
5462 5347.81
5463 5347.33
5464 5359.67
5465 5348.24
5466 5345.23
5467 5340.65
5468 5346.63
5469 5346.22
5470 5346.22
5471 5339.72
5472 5341.16
5473 5339.00
5474 5344.03
5475 5340.04
5476 5345.54
5477 5345.54
5478 5345.10
5479 5348.77
5480 5354.39
5481 5362.36
5482 5366.75
5483 5370.07
5484 5509.44
5485 5532.27
5486 5536.85
5487 5539.10
5488 5533.77
5489 5521.79
5490 5521.02
5491 5500.36
5492 5489.59
5493 5469.94
5494 5512.04
5495 5395.52
5496 5370.53
5497 5367.08
5498 5362.00
5499 5358.16
5500 5350.27
5501 5345.69
5502 5338.79
5503 5337.41
5504 5333.52
5505 5331.52
5506 5327.81
5507 5326.00
5508 5323.64
5509 5323.00
5510 5324.17
5511 5326.25
5512 5326.40
5513 5325.62
5514 5323.14
5515 5320.90
5516 5319.72
5517 5321.55
5518 5323.87
5519 5325.49
5520 5324.02
5521 5322.20
5522 5323.40
5523 5330.50
5524 5338.41
5525 5350.53
5526 5356.74
5527 5362.71
5528 5365.92
5529 5366.73
5530 5367.91
5531 5364.77
5532 5361.43
5533 5538.93
5534 5188.79
5535 5195.57
5536 5195.59
5537 5197.24
5538 5197.05
5539 5198.23
5540 5198.46
5541 5196.36
5542 5195.66
5543 5194.61
5544 5194.98
5545 5194.19
5546 5193.63
5547 5193.23
5548 5192.58
5549 5193.79
5550 5194.13
5551 5195.02
5552 5194.77
5553 5195.24
5554 5193.66
5555 5194.12
5556 5194.13
5557 5194.80
5558 5194.63
5559 5194.06
5560 5193.82
5561 5194.07
5562 5193.15
5563 5193.23
5564 5192.22
5565 5193.26
5566 5192.58
5567 5193.42
5568 5193.18
5569 5193.64
5570 5193.09
5571 5192.61
5572 5190.20
5573 5189.81
5574 5189.81
5575 5189.81
5576 5188.76
5577 5188.47
5578 5187.98
5579 5188.53
5580 5188.49
5581 5189.66
5582 5190.47
5583 5190.93
5584 5190.70
5585 5191.42
5586 5191.64
5587 5191.29
5588 5190.17
5589 5189.06
5590 5188.50
5591 5186.42
5592 5184.73
5593 5183.01
5594 5182.99
5595 5183.56
5596 5185.20
5597 5186.88
5598 5185.28
5599 5181.55
5600 5179.61
5601 5179.29
5602 5181.22
5603 5183.47
5604 5186.75
5605 5190.22
5606 5195.21
5607 5202.10
5608  0.00
5609  0.00
5610  0.00
5611  0.00
5612  0.00
5613  0.00
5614  0.00
5615  0.00
5616  0.00
5617 3999.38
5618 3990.94
5619 3986.22
5620 3987.52
5621 3989.65
5622 3991.68
5623 3993.60
5624 3994.72
5625 3994.38
5626 3994.57
5627 3998.58
5628 4005.21
5629 4009.90
5630 4011.87
5631 4013.00
5632 4015.37
5633 4014.72
5634 4012.42
5635 4010.76
5636 4006.67
5637 4003.03
5638 3997.14
5639 3993.34
5640 3990.35
5641 3990.97
5642 3992.05
5643 3991.89
5644 3990.68
5645 3990.81
5646 3990.36
5647 3991.36
5648 3993.08
5649 3997.20
5650 4000.31
5651 4003.06
5652 4004.13
5653 4003.36
5654 4002.14
5655 4000.64
5656 3999.70
5657 3996.73
5658 3994.01
5659 3993.09
5660 3992.62
5661 3992.49
5662 3991.82
5663 3990.84
5664 3990.10
5665 3989.43
5666 3988.80
5667 3990.03
5668 3991.74
5669 3993.84
5670 3995.34
5671 3995.63
5672 3995.52
5673 3994.19
5674 3993.90
5675 3994.27
5676 3994.51
5677 3994.39
5678 3993.91
5679 3992.88
5680 3992.58
5681 3989.84
5682 3992.17
5683 3993.06
5684 3993.59
5685 3992.77
5686 3993.07
5687 3994.59
5688 5774.37
5689 5708.29
5690 5699.70
5691 5695.75
5692 5696.90
5693 5698.74
5694 5700.29
5695 5697.21
5696 5693.84
5697 5696.25
5698 5697.81
5699 5695.65
5700 5689.53
5701 5689.14
5702 5687.94
5703 5688.61
5704 5676.60
5705 5661.18
5706 5844.62
5707 5709.78
5708 5888.40
5709 5864.49
5710 5858.14
5711 5892.48
5712 5889.93
5713 5492.34
5714 5500.83
5715 5491.75
5716 5500.55
5717 5494.41
5718 5496.81
5719 5490.66
5720 5486.97
5721 5480.33
5722 5474.93
5723 5467.01
5724 5468.52
5725 5461.26
5726 5460.44
5727 5446.92
5728 5446.58
5729 5444.53
5730 5447.79
5731 5459.41
5732 5494.28
5733 5518.47
5734 5517.30
5735 5506.96
5736 5502.09
5737 5492.04
5738 5487.92
5739 5476.06
5740 5488.39
5741 5492.34
5742 5357.25
5743 5350.33
5744 5350.20
5745 5348.77
5746 5348.74
5747 5347.50
5748 5349.07
5749 5353.07
5750 5352.51
5751 5352.28
5752 5350.28
5753 5347.48
5754 5341.87
5755 5338.39
5756 5338.20
5757 5338.79
5758 5335.94
5759 5334.17
5760 5332.45
5761 5332.38
5762 5328.57
5763 5324.14
5764 5320.48
5765 5317.98
5766 5314.51
5767 5308.23
5768 5304.65
5769 5303.91
5770 5304.52
5771 5305.03
5772 5304.56
5773 5303.14
5774 5300.45
5775 5300.86
5776 5297.11
5777 5296.96
5778 5291.68
5779 5291.08
5780 5292.49
5781 5297.57
5782 5299.89
5783 5305.92
5784 5288.91
5785 5265.35
5786 5233.39
5787 5202.92
5788 5195.89
5789 5207.42
5790 5215.65
5791 5217.47
5792 5211.40
5793 5200.74
5794 5189.25
5795 5192.94
5796 5195.53
5797 5196.05
5798 5195.63
5799 5197.90
5800 5198.52
5801 5196.92
5802 5194.81
5803 5196.39
5804 5200.50
5805 5199.95
5806 5196.34
5807 5190.89
5808 5192.10
5809 5195.48
5810 5196.51
5811 5196.28
5812 5193.16
5813 5194.27
5814 5194.59
5815 5197.24
5816 5195.96
5817 5193.66
5818 5193.34
5819 5195.68
5820 5198.18
5821 5196.62
5822 5193.63
5823 5192.78
5824 5193.99
5825 5196.01
5826 5195.33
5827 5195.24
5828 5193.44
5829 5194.38
5830 5193.76
5831 5193.85
5832 5193.52
5833 5195.73
5834 5196.61
5835 5196.84
5836 5194.71
5837 5194.90
5838 5195.57
5839 5196.08
5840 5195.16
5841 5193.94
5842 5193.61
5843 5194.99
5844 5197.01
5845 5196.70
5846 5195.61
5847 5194.92
5848 5193.87
5849 5195.64
5850 5194.47
5851 5194.37
5852 5193.51
5853 5193.14
5854 5196.05
5855 5195.27
5856 5197.69
5857 5193.72
5858 5194.99
5859 5195.28
5860 5196.79
5861 5194.70
5862 5196.41
5863 5192.48
5864 5198.26
5865 5198.09
5866 5198.56
5867 5195.74
5868 5193.14
5869 5193.79
5870 5194.45
5871 5196.19
5872 5192.77
5873 5194.35
5874 5191.17
5875 5196.03
5876 5192.96
5877 5194.38
5878 5192.91
5879 5195.02
5880 5192.03
5881 5192.68
5882 5191.78
5883 5195.14
5884 5194.84
5885 5192.79
5886 5193.08
5887 5192.85
5888 5195.82
5889 5194.17
5890 5193.80
5891 5192.96
5892 5193.99
5893 5192.50
5894 5193.73
5895 5194.24
5896 5193.93
5897 5193.30
5898 5190.94
5899 5193.70
5900 5194.81
5901 5196.84
5902 5193.28
5903 5192.81
5904 5191.53
5905 5200.54
5906 5196.88
5907 5199.21
5908 5190.70
5909 5197.25
5910 5195.46
5911 5204.10
5912 5201.04
5913 5197.83
5914 5193.38
5915 5192.45
5916 5199.32
5917 5204.36
5918 5201.57
5919 5193.52
5920 5192.03
5921 5197.15
5922 5204.21
5923 5200.38
5924 5194.22
5925 5188.33
5926 5194.28
5927 5204.71
5928 5209.92
5929 5201.09
5930 5187.54
5931 5193.62
5932 5203.45
5933 5217.10
5934 5200.48
5935 5185.25
5936 5184.69
5937 5199.95
5938 5215.46
5939 5206.21
5940 5191.74
5941 5177.98
5942 5199.43
5943 5216.74
5944 5211.92
5945 5192.75
5946 5174.84
5947 5196.87
5948 5202.16
5949 5211.26
5950 5216.74
5951 5203.72
5952 5184.38
5953 5197.25
5954 5210.22
5955 5203.72
5956 5210.22
5957 5182.29
5958 5209.59
5959 5194.03
5960 5210.22
5961 5190.80
5962 5189.37
5963 5197.25
5964 5203.72
5965 5207.46
5966 5210.22
5967 5223.28
5968 5171.60
5969  0.00
5970  0.00
5971  0.00
5972  0.00
5973  0.00
5974  0.00
5975  0.00
5976  0.00
5977  0.00
5978  0.00
5979  0.00
5980  0.00
5981  0.00
5982  0.00
5983  0.00
5984  0.00
