1  0.00
2  0.00
3  0.00
4  0.00
5  0.00
6  0.00
7  0.00
8  0.00
9  0.00
10  0.00
11  0.00
12  0.00
13  0.00
14  0.00
15  0.00
16  0.00
17  0.00
18  0.00
19  0.00
20  0.00
21  0.00
22  0.00
23  0.00
24 5954.84
25 5954.84
26 5954.84
27 5954.84
28 5907.07
29 5896.34
30 5893.82
31 5892.19
32 5891.87
33 5891.50
34 5890.00
35 5890.96
36 5893.27
37 5897.45
38 5897.89
39 5894.92
40 5892.36
41 5893.90
42 5895.81
43 5896.52
44 5893.72
45 5896.73
46 5897.16
47 5896.59
48 5896.13
49 5894.39
50 5894.24
51 5893.37
52 5895.25
53 5895.74
54 5896.98
55 5897.60
56 5895.08
57 5895.52
58 5896.47
59 5897.57
60 5895.80
61 5895.80
62 5896.32
63 5909.21
64 5920.32
65 5914.25
66 5907.41
67 5895.35
68 5932.94
69 5996.21
70 6017.10
71 6023.22
72 6032.50
73 6038.17
74 6037.14
75 6037.52
76 6034.95
77 6037.12
78 6036.25
79 6034.86
80 6035.28
81 6032.90
82 6033.88
83 6028.73
84 6035.71
85 6029.40
86 6034.99
87 6024.68
88 6036.78
89 6029.01
90 6030.81
91 6028.11
92 6036.22
93 6039.95
94 6034.94
95 6038.07
96 6035.25
97 6040.83
98 6039.20
99 6044.72
100 6040.00
101 6041.84
102 6038.81
103 6043.96
104 6036.29
105 6044.56
106 6176.52
107 6188.22
108 6188.65
109 6189.85
110 6191.07
111 6195.32
112 6191.92
113 6189.00
114 6184.42
115 6187.54
116 6186.55
117 6187.68
118 6184.87
119 6184.00
120 6183.23
121 6188.10
122 6189.06
123 6185.69
124 6189.76
125 6187.04
126 6191.58
127 6186.16
128 6187.54
129 6186.17
130 6189.90
131 6188.16
132 6186.55
133 6181.10
134 6183.50
135 6186.76
136 6186.50
137 6184.12
138 6180.81
139 6182.54
140 6181.72
141 6178.48
142 6178.69
143 6177.27
144 6174.89
145 6174.17
146 6172.03
147 6174.48
148 6167.69
149 6153.61
150 6408.61
151 6408.61
152 6408.61
153 6408.61
154 6403.80
155 6402.96
156 6399.88
157 6401.26
158 6403.67
159 6401.54
160 6396.68
161 6393.64
162 6394.31
163 6395.96
164 6394.38
165 6394.76
166 6397.21
167 6401.11
168 6396.60
169 6393.45
170 6391.06
171 6393.81
172 6394.63
173 6391.74
174 6383.00
175 6384.14
176 6388.58
177 6393.41
178 6391.86
179 6391.75
180 6393.03
181 6395.57
182 6394.57
183 6393.77
184 6386.58
185 6388.56
186 6392.29
187 6396.37
188 6400.50
189 6409.55
190 6419.06
191 6421.47
192 6417.24
193 6412.67
194 6411.77
195 6422.87
196 6423.16
197 6420.81
198 6402.02
199 6413.42
200 6212.26
201 6201.01
202 6199.18
203 6198.66
204 6199.29
205 6198.94
206 6196.01
207 6198.99
208 6200.04
209 6196.81
210 6195.22
211 6195.02
212 6199.77
213 6201.55
214 6227.64
215 6296.86
216 6397.25
217 6394.12
218 6386.41
219 6390.47
220 6392.68
221 6390.71
222 6390.84
223 6090.24
224 6090.24
225 6079.46
226 6079.46
227 6079.46
228 6079.46
229 6061.96
230 6049.15
231 6043.86
232 6047.90
233 6055.11
234 6096.11
235 6140.09
236 6140.09
237 6075.74
238 6075.74
239 6075.74
240 6075.74
241 6068.74
242 6056.93
243 6052.62
244 6048.84
245 6052.53
246 6048.53
247 6050.69
248 6046.38
249 6050.15
250 6049.15
251 6051.81
252 6048.98
253 6049.27
254 6049.87
255 6053.89
256 6053.45
257 6047.85
258 6045.46
259 6047.59
260 6050.47
261 6051.29
262 6051.55
263 6044.38
264 6039.12
265 6030.52
266 6035.78
267 6049.84
268 6050.40
269 6040.97
270 6044.10
271 6040.84
272 6042.07
273 6045.03
274 6050.50
275 6049.11
276 6044.04
277 6039.81
278 6042.29
279 6045.95
280 6050.72
281 6048.76
282 6048.17
283 6050.25
284 6048.49
285 6047.00
286 6043.73
287 6043.87
288 6041.99
289 6041.33
290 6039.18
291 6036.93
292 6034.95
293 6032.49
294 6028.36
295 6022.39
296 6016.15
297 6015.17
298 6014.57
299 6012.45
300 6010.76
301 6007.22
302 6008.31
303 6009.71
304 6011.25
305 6012.87
306 6011.41
307 6011.97
308 5999.97
309 6012.19
310 5983.36
311 5919.03
312 5905.69
313 5907.05
314 5906.85
315 5913.28
316 5925.61
317 5936.13
318 5939.56
319 5931.10
320 5924.28
321 5919.28
322 5918.69
323 5913.74
324 5912.19
325 5905.15
326 5903.84
327 5899.91
328 5901.40
329 5901.71
330 5901.99
331 5900.58
332 5899.25
333 5900.01
334 5899.48
335 5899.11
336 5896.23
337 5896.49
338 5895.16
339 5895.13
340 5894.64
341 5895.03
342 5895.07
343 5895.22
344 5894.29
345 5894.81
346 5894.92
347 5896.31
348 5896.18
349 5895.76
350 5895.99
351 5897.07
352 5896.13
353 5895.17
354 5895.04
355 5894.06
356 5894.42
357 5897.15
358 5905.55
359 5934.10
360 5897.13
361 5894.20
362 5891.04
363 5892.00
364 5890.53
365 5890.22
366 5887.69
367 5890.13
368 5890.41
369 5891.34
370 5890.47
371 5891.32
372 5888.34
373 5890.02
374 5889.17
375 5890.41
376 5888.80
377 5890.01
378 5889.95
379 5889.97
380 5889.58
381 5888.74
382 5888.74
383 5888.77
384 5888.28
385 5886.32
386 5883.36
387 6360.66
388 6400.19
389 6401.98
390 6402.94
391 6402.06
392 6403.55
393 6402.87
394 6391.79
395 6384.32
396 6381.15
397 6382.87
398 6383.25
399 6385.15
400 6383.13
401 6385.45
402 6387.63
403 3996.58
404 3995.81
405 3994.78
406 3992.24
407 3990.62
408 3988.17
409 3988.90
410 3989.89
411 3992.02
412 3992.10
413 3991.77
414 3990.98
415 3991.65
416 3991.47
417 3991.89
418 3991.86
419 3992.93
420 3992.60
421 3992.84
422 3993.63
423 3994.49
424 3994.93
425 3994.46
426 3995.14
427 3995.94
428 3997.03
429 3997.06
430 3996.18
431 3995.27
432 3993.69
433 3993.88
434 3993.86
435 3993.67
436 3992.66
437 3992.27
438 3992.97
439 3993.51
440 3992.60
441 3992.17
442 3990.39
443 3991.16
444 3990.49
445 3991.03
446 3989.96
447 3991.12
448 3990.54
449 4693.26
450 4692.53
451 4694.90
452 4698.79
453 4702.02
454 4699.73
455 4697.79
456 4693.27
457 4691.80
458 4705.68
459 4735.10
460 4795.50
461 4811.84
462 6403.63
463 6403.63
464 6403.31
465 6400.04
466 6400.63
467 6401.12
468 6403.16
469 6401.09
470 6398.92
471 6398.12
472 6399.60
473 6399.76
474 6399.21
475 6400.78
476 6402.23
477 6402.68
478 6400.05
479 6398.00
480 6397.80
481 6398.13
482 6397.80
483 6397.63
484 6394.93
485 6395.18
486 6395.05
487 6394.90
488 6395.11
489 6395.46
490 6392.45
491 6390.45
492 6390.40
493 6396.86
494 6399.13
495 6397.97
496 6395.86
497 6396.95
498 6392.04
499 6385.34
500 6373.89
501 6376.39
502 6368.05
503 6359.90
504 6353.48
505 6371.60
506 6371.60
507  0.00
508  0.00
509  0.00
510  0.00
511  0.00
512  0.00
513  0.00
514  0.00
515  0.00
516  0.00
517 6243.37
518 6227.06
519 6212.81
520 6210.98
521 6202.11
522 6202.32
523 6201.80
524 6204.99
525 6201.71
526 6213.56
527 6203.02
528 6204.43
529 6201.67
530 6210.19
531 6206.35
532 6201.96
533 6198.85
534 6205.21
535 6208.00
536 6199.71
537 6205.80
538 6210.44
539 6206.37
540 6204.21
541 6201.16
542 6201.70
543 6202.37
544 6202.37
545 5886.33
546 5886.33
547 5886.33
548 5886.33
549 6201.88
550 6198.30
551 6196.42
552 6194.75
553 6194.84
554 6196.41
555 6196.91
556 6196.07
557 6193.90
558 6194.09
559 6194.64
560 6194.92
561 6194.06
562 6194.38
563 6194.39
564 6195.92
565 6195.39
566 6195.86
567 6195.09
568 6194.82
569 6194.42
570 6194.33
571 6194.13
572 6193.68
573 6193.40
574 6192.94
575 6191.58
576 6191.91
577 6196.05
578 6201.51
579 6209.87
580 6210.07
581 6216.11
582 6228.27
583 6260.67
584 6109.80
585 6059.44
586 6047.66
587 6045.96
588 6048.92
589 6055.88
590 6059.81
591 6054.61
592 6056.58
593 6063.05
594 6075.85
595 6084.94
596 6071.40
597 6060.09
598 6056.01
599 6055.88
600 6055.40
601 6052.66
602 6050.40
603 6050.23
604 6051.41
605 6053.20
606 6055.67
607 6056.06
608 6055.62
609 6052.94
610 6053.51
611 6051.71
612 6055.19
613 6052.47
614 6056.44
615 6054.50
616 6058.00
617 6054.12
618 6055.99
619 6054.02
620 6057.28
621 6056.33
622 6053.96
623 6051.20
624 6049.59
625 6050.89
626 6050.57
627 6051.43
628 6054.28
629 6061.55
630 6067.80
631 6090.24
632 6167.69
633 6058.08
634 6073.77
635 6050.51
636 6041.69
637 6039.81
638 6039.37
639 6042.06
640 6040.74
641 6036.83
642 6034.36
643 6032.97
644 6033.36
645 6032.84
646 6034.18
647 6032.47
648 6031.26
649 6030.84
650 6029.88
651 6029.15
652 6025.10
653 6022.72
654 6021.39
655 6018.48
656 6016.07
657 6011.08
658 6008.35
659 6009.97
660 6006.91
661 6008.58
662 6004.51
663 5991.55
664 5909.67
665 5902.23
666 5896.58
667 5892.71
668 5889.86
669 5892.00
670 5892.33
671 5894.94
672 5895.10
673 5895.31
674 5895.15
675 5892.47
676 5891.58
677 5892.67
678 5893.47
679 5893.21
680 5890.92
681 5891.60
682 5890.84
683 5893.04
684 5899.97
685 5922.63
686 5947.08
687 5949.85
688 5959.39
689 5963.83
690 5981.07
691 5995.13
692 6006.81
693 6014.35
694 6017.07
695 6026.51
696 6033.00
697 6054.11
698 5911.46
699 6001.08
700 5925.02
701 5925.02
702  0.00
703  0.00
704  0.00
705  0.00
706  0.00
707  0.00
708  0.00
709  0.00
710  0.00
711  0.00
712  0.00
713  0.00
714  0.00
715  0.00
716  0.00
717  0.00
718  0.00
719  0.00
720  0.00
721  0.00
722  0.00
723  0.00
724  0.00
725  0.00
726  0.00
727  0.00
728  0.00
729  0.00
730  0.00
731  0.00
732  0.00
733  0.00
734  0.00
735  0.00
736  0.00
737  0.00
738  0.00
739  0.00
740  0.00
741  0.00
742  0.00
743  0.00
744  0.00
745  0.00
746 6155.33
747 5894.01
748 5904.63
749 5905.86
750 5906.60
751 5904.07
752 5904.63
753 5905.68
754 5915.43
755 5905.68
756 5896.11
757 5896.05
758 5904.98
759 5903.03
760 5907.59
761 5891.20
762 5905.68
763 6007.60
764 6023.79
765 6026.04
766 6029.99
767 6032.28
768 6043.92
769 6068.74
770 6016.11
771 5973.87
772 6002.48
773 6012.73
774 6012.02
775 5945.03
776 5906.77
777 5894.02
778 5898.31
779 6043.45
780 6037.11
781 6030.65
782 6028.10
783 6028.66
784 6029.67
785 6035.44
786 6041.55
787 6068.88
788 6122.37
789 6122.36
790 6093.20
791 6065.79
792 6060.73
793 6068.74
794 6066.87
795 6090.24
796 6101.10
797 6135.53
798 6047.50
799 6024.83
800 6013.88
801 6009.96
802 6008.46
803 6009.46
804 6012.16
805 6014.95
806 6017.39
807 6121.22
808 6175.27
809 6175.27
810 6179.92
811 6179.92
812 6179.92
813 6179.92
814 6185.44
815 6189.12
816 6197.96
817 6220.06
818 6223.62
819 6008.99
820 6020.39
821 6026.51
822 6003.51
823 6004.63
824 6003.67
825 6003.82
826 6005.31
827 6004.29
828 6003.77
829 6006.26
830 6010.16
831 6008.39
832 6008.42
833 6007.51
834 6007.71
835 6007.14
836 6007.81
837 6009.04
838 6010.18
839 6009.93
840 6008.18
841 6005.66
842 6000.63
843 5996.42
844 5992.33
845 5988.64
846 5984.46
847 5982.38
848 5980.97
849 5978.74
850 5989.50
851 5999.47
852 6013.18
853 6018.77
854 6023.12
855 6015.00
856 6006.04
857 6002.20
858 5994.10
859 5915.29
860 5883.38
861 5881.06
862 5881.89
863 5886.74
864 5885.92
865 5884.42
866 5882.36
867 5888.15
868 5890.09
869 5888.67
870 5885.75
871 5884.98
872 5886.75
873 5887.03
874 5888.06
875 5886.76
876 5887.11
877 5888.99
878 5890.87
879 5890.76
880 5890.10
881 5888.29
882 5890.43
883 5890.88
884 5890.99
885 5889.97
886 5891.02
887 5891.11
888 5889.26
889 5888.43
890 5886.67
891 5884.75
892 5883.47
893 5886.42
894 5892.16
895 5899.99
896 5908.31
897 5919.38
898 5926.17
899 5935.85
900 5957.27
901 5994.15
902 6014.63
903 6019.75
904 6021.87
905 6021.14
906 6047.50
907 6156.41
908 6225.21
909 6215.63
910 6225.21
911 6248.77
912 6182.86
913 6079.46
914 6051.70
915 6033.49
916 6025.70
917 6021.01
918 6020.01
919 6019.87
920 6017.85
921 6015.27
922 6011.11
923 6002.04
924 6000.10
925 5999.70
926 5997.54
927 5995.44
928 5990.60
929 5984.76
930 5982.49
931 5976.32
932 5978.12
933 5968.50
934 5979.35
935 6016.21
936 6025.56
937 6019.62
938 6016.05
939 6014.35
940 6013.93
941 6008.18
942 5990.99
943 5971.05
944 5994.19
945 5945.67
946 5903.58
947 5891.36
948 5884.58
949 5881.09
950 5881.75
951 5881.64
952 5885.90
953 5885.69
954 5884.31
955 5883.95
956 5881.40
957 5883.37
958 5881.11
959 5884.52
960 5883.88
961 5884.62
962 5883.45
963 5883.19
964 5882.42
965 5884.41
966 5884.46
967 5885.22
968 5884.69
969 5886.32
970 5886.66
971 5887.01
972 5887.23
973 5888.19
974 5887.53
975 5887.18
976 5887.50
977 5895.44
978 5916.52
979 5947.09
980 5951.52
981 5954.92
982 5953.56
983 5959.24
984 5968.93
985 5965.98
986 5966.85
987 5974.37
988 5976.56
989 5969.59
990 5959.69
991 5962.79
992 5940.80
993 5744.55
994 5707.90
995 5697.37
996 5694.84
997 5696.32
998 5698.24
999 5698.24
1000 5695.56
1001 5696.70
1002 5695.12
1003 5695.69
1004 5689.53
1005 5689.72
1006 5690.89
1007 5688.74
1008 5687.10
1009 5688.65
1010 5694.35
1011 5708.92
1012 5774.60
1013 5905.68
1014 5955.00
1015 5957.94
1016 5965.33
1017 5959.32
1018 5967.83
1019 5985.29
1020 5962.38
1021 5960.09
1022 5962.67
1023 5982.37
1024 5986.20
1025 5985.29
1026 5979.21
1027 5985.29
1028 5985.29
1029 6026.51
1030 5902.72
1031 5888.91
1032 5885.43
1033 5885.52
1034 5885.15
1035 5888.73
1036 5887.37
1037 5885.00
1038 5881.31
1039 5885.17
1040 5888.76
1041 5887.31
1042 5886.17
1043 5888.41
1044 5891.60
1045 5892.22
1046 5888.41
1047 5890.57
1048 5893.66
1049 5892.92
1050 5890.65
1051 5891.49
1052 5891.15
1053 5889.92
1054 5890.90
1055 5890.52
1056 5890.09
1057 5892.21
1058 5888.90
1059 5891.07
1060 5888.29
1061 5888.65
1062 5886.61
1063 5887.69
1064 5886.98
1065 5887.90
1066 5887.48
1067 5890.70
1068 5890.16
1069 5895.30
1070 5898.90
1071 5901.32
1072 5915.35
1073 5873.14
1074 5877.71
1075 5879.03
1076 5881.04
1077 5880.16
1078 5880.08
1079 5883.09
1080 5884.40
1081 5885.12
1082 5883.07
1083 5882.61
1084 5881.82
1085 5882.16
1086 5882.24
1087 5883.34
1088 5883.64
1089 5883.96
1090 5882.72
1091 5881.20
1092 5881.12
1093 5881.57
1094 5881.45
1095 5881.41
1096 5881.41
1097 5881.41
1098 5881.41
1099 5880.99
1100 5880.11
1101 5878.35
1102 5876.60
1103 5875.72
1104 5876.36
1105 5878.87
1106 5880.80
1107 5881.96
1108 5881.88
1109 5884.69
1110 5885.36
1111 5887.53
1112 5886.87
1113 5887.11
1114 5886.71
1115 5887.21
1116 5887.44
1117 5887.35
1118 5886.42
1119 5887.24
1120 5885.49
1121 5885.64
1122 5884.25
1123 5884.68
1124 5883.92
1125 5883.02
1126 5882.10
1127 5880.36
1128 5879.17
1129 5880.88
1130 5880.86
1131 5881.51
1132 5879.74
1133 5879.53
1134 5880.42
1135 5879.93
1136 5880.55
1137 5880.18
1138 5874.16
1139 5879.93
1140 5879.04
1141 5883.89
1142 5882.35
1143 5882.20
1144 5879.53
1145 5885.51
1146 5886.99
1147 5886.89
1148 5885.56
1149 5884.96
1150 5886.70
1151 5885.34
1152 5887.48
1153 5884.03
1154 5884.09
1155 5881.73
1156 5881.76
1157 5881.92
1158 5882.95
1159 5883.86
1160 5882.44
1161 5881.82
1162 5883.34
1163 5884.29
1164 5885.28
1165 5887.09
1166 5888.07
1167 5888.89
1168 5887.77
1169 5891.16
1170 5891.72
1171 5894.40
1172 5891.58
1173 5890.91
1174 5889.03
1175 5889.91
1176 5896.15
1177 5890.73
1178 5893.57
1179 5891.78
1180 5892.53
1181 5895.78
1182 5892.28
1183 5896.68
1184 5895.62
1185 5897.83
1186 5903.24
1187 5897.89
1188 5896.47
1189 5897.74
1190 5896.38
1191 5892.63
1192 5891.27
1193 5895.09
1194 5892.35
1195 5892.41
1196 5893.93
1197 5893.02
1198 5892.15
1199 5893.47
1200 5895.08
1201 5895.67
1202 5888.01
1203 5891.42
1204 5890.04
1205 5884.59
1206 5884.99
1207 5884.09
1208 5882.95
1209 5884.34
1210 5879.94
1211 5881.62
1212 5877.35
1213 5880.49
1214 5882.92
1215 5882.90
1216 5882.64
1217 5880.96
1218 5874.73
1219 5885.94
1220 5883.25
1221 5880.43
1222 5884.59
1223 5891.15
1224 5955.00
1225 5987.84
1226  0.00
1227  0.00
1228  0.00
1229  0.00
1230  0.00
1231  0.00
1232  0.00
1233  0.00
1234  0.00
1235  0.00
1236  0.00
1237  0.00
1238  0.00
1239  0.00
1240  0.00
1241  0.00
1242  0.00
1243  0.00
1244  0.00
1245  0.00
1246  0.00
1247  0.00
1248  0.00
1249  0.00
1250  0.00
1251  0.00
1252  0.00
1253  0.00
1254  0.00
1255  0.00
1256  0.00
1257  0.00
1258  0.00
1259  0.00
1260  0.00
1261  0.00
1262  0.00
1263  0.00
1264  0.00
1265 6173.34
1266 5957.50
1267 5913.81
1268 5935.54
1269 5908.42
1270 5899.42
1271 5891.28
1272 5888.83
1273 5887.55
1274 5886.68
1275 5886.67
1276 5889.84
1277 5891.74
1278 5891.20
1279 5889.30
1280 5887.39
1281 5889.00
1282 5888.38
1283 5888.34
1284 5886.40
1285 5888.26
1286 5888.51
1287 5887.93
1288 5886.96
1289 5886.91
1290 5886.78
1291 5886.05
1292 5886.51
1293 5886.73
1294 5887.14
1295 5886.79
1296 5887.04
1297 5887.64
1298 5888.29
1299 5889.10
1300 5889.44
1301 5889.26
1302 5888.94
1303 5888.33
1304 5888.56
1305 5889.15
1306 5888.09
1307 5889.25
1308 5891.52
1309 5895.56
1310 5901.53
1311 6045.98
1312 6045.84
1313 6048.32
1314 6047.39
1315 6054.35
1316 6057.67
1317 6057.91
1318 6054.15
1319 6054.88
1320 6059.82
1321 6051.62
1322 6048.52
1323 6051.60
1324 6054.94
1325 6056.45
1326 6054.00
1327 6057.08
1328 6057.77
1329 6057.34
1330 6053.93
1331 6051.17
1332 6052.23
1333 6048.16
1334 6045.51
1335 6043.02
1336 6052.89
1337 6052.76
1338 6052.84
1339 6044.58
1340 6050.28
1341 6050.54
1342 6055.28
1343 6046.45
1344 6050.32
1345 6049.35
1346 6056.62
1347 6051.84
1348 6055.59
1349 6053.61
1350 6056.98
1351 6052.07
1352 6052.45
1353 6074.66
1354 6179.04
1355 6185.75
1356 6189.06
1357 6189.36
1358 6192.90
1359 6194.08
1360 6195.50
1361 6188.82
1362 6195.14
1363 6191.44
1364 6192.91
1365 6186.89
1366 6189.08
1367 6186.39
1368 6183.81
1369 6183.91
1370 6186.07
1371 6187.51
1372 6183.57
1373 6186.35
1374 6183.67
1375 6183.88
1376 6184.31
1377 6183.92
1378 6184.02
1379 6183.08
1380 6183.66
1381 6183.80
1382 6178.70
1383  0.00
1384  0.00
1385  0.00
1386  0.00
1387  0.00
1388  0.00
1389  0.00
1390  0.00
1391  0.00
1392  0.00
1393  0.00
1394  0.00
1395  0.00
1396  0.00
1397  0.00
1398  0.00
1399  0.00
1400  0.00
1401  0.00
1402  0.00
1403  0.00
1404  0.00
1405  0.00
1406  0.00
1407  0.00
1408  0.00
1409  0.00
1410  0.00
1411  0.00
1412  0.00
1413  0.00
1414  0.00
1415  0.00
1416  0.00
1417  0.00
1418  0.00
1419  0.00
1420  0.00
1421  0.00
1422  0.00
1423  0.00
1424  0.00
1425  0.00
1426  0.00
1427  0.00
1428  0.00
1429  0.00
1430  0.00
1431  0.00
1432  0.00
1433  0.00
1434  0.00
1435  0.00
1436  0.00
1437  0.00
1438  0.00
1439  0.00
1440  0.00
1441  0.00
1442  0.00
1443  0.00
1444  0.00
1445  0.00
1446  0.00
1447  0.00
1448  0.00
1449  0.00
1450  0.00
1451  0.00
1452  0.00
1453  0.00
1454  0.00
1455  0.00
1456  0.00
1457 6201.98
1458 6201.98
1459 6201.98
1460 6016.11
1461 5905.68
1462 6200.83
1463 6197.23
1464 6194.23
1465 6193.43
1466 6195.57
1467 6198.41
1468 6198.44
1469 6195.50
1470 6193.79
1471 6194.04
1472 6195.27
1473 6193.74
1474 6193.96
1475 6191.35
1476 6194.46
1477 6195.30
1478 6196.01
1479 6195.48
1480 6195.36
1481 6195.32
1482 6194.86
1483 6193.91
1484 6193.60
1485 6192.89
1486 6191.91
1487 6190.52
1488 6189.92
1489 6191.71
1490 6192.31
1491 6193.78
1492 6192.82
1493 6192.16
1494 6190.91
1495 6190.32
1496 6190.66
1497 6189.11
1498 6190.35
1499 6190.00
1500 6193.55
1501 6186.53
1502 6181.01
1503 6174.64
1504 6144.52
1505 6057.04
1506 6052.02
1507 6051.01
1508 6051.36
1509 6055.84
1510 6052.46
1511 6053.16
1512 6045.90
1513 6049.37
1514 6052.30
1515 6055.97
1516 6052.55
1517 6045.74
1518 6047.23
1519 6048.06
1520 6051.39
1521 6047.37
1522 6048.66
1523 6046.50
1524 6046.21
1525 6047.53
1526 6046.58
1527 6048.79
1528 6045.32
1529 6048.49
1530 6045.42
1531 6047.01
1532 6045.51
1533 6046.07
1534 6046.80
1535 6046.88
1536 6047.25
1537 6045.02
1538 6046.22
1539 6044.42
1540 6044.86
1541 6043.03
1542 6045.40
1543 6044.39
1544 6042.14
1545 6043.88
1546 6045.43
1547 6046.39
1548 6043.24
1549 6042.99
1550 6042.98
1551 6043.01
1552 6039.36
1553 6035.86
1554 6038.99
1555 6043.68
1556 6076.70
1557 6076.70
1558 6042.83
1559 6040.07
1560 6034.35
1561 6039.22
1562 6040.81
1563 6041.27
1564 6034.91
1565 6032.78
1566 6031.08
1567 6031.83
1568 6032.16
1569 6033.54
1570 6031.77
1571 6029.95
1572 6029.12
1573 6029.63
1574 6029.35
1575 6029.07
1576 6029.58
1577 6029.77
1578 6027.83
1579 6028.39
1580 6028.99
1581 6029.18
1582 6029.14
1583 6026.24
1584 6024.65
1585 6025.29
1586 6027.53
1587 6027.60
1588 6023.90
1589 6023.32
1590 6028.25
1591 5955.00
1592 5884.75
1593 5876.04
1594 5868.26
1595 5871.89
1596 5872.76
1597 5875.06
1598 5877.19
1599 5878.92
1600 5879.19
1601 5879.41
1602 5876.29
1603 5878.15
1604 5875.73
1605 5878.38
1606 5874.82
1607 5875.27
1608 5875.53
1609 5876.77
1610 5877.08
1611 5875.85
1612 5875.04
1613 5875.17
1614 5875.26
1615 5874.82
1616 5875.77
1617 5875.89
1618 5875.90
1619 5875.42
1620 5876.24
1621 5877.19
1622 5877.29
1623 5877.46
1624 5877.50
1625 5877.61
1626 5877.25
1627 5877.13
1628 5877.50
1629 5877.83
1630 5878.55
1631 5879.95
1632 5879.86
1633 5880.93
1634 5881.35
1635 5883.51
1636 5884.38
1637 5884.96
1638 5885.65
1639 5886.04
1640 5886.88
1641 5887.66
1642 5888.32
1643 5889.40
1644 5890.24
1645 5890.62
1646 5890.55
1647 5889.64
1648 5888.81
1649 5891.06
1650 5894.79
1651 5908.74
1652 5922.67
1653 5922.80
1654 5906.86
1655 5923.84
1656 5905.68
1657 5886.73
1658 5880.97
1659 5881.30
1660 5885.22
1661 5882.89
1662 5882.06
1663 5884.04
1664 5886.37
1665 5887.07
1666 5885.69
1667 5885.08
1668 5883.71
1669 5881.82
1670 5882.42
1671 5882.68
1672 5884.60
1673 5885.94
1674 5884.82
1675 5884.39
1676 5882.68
1677 5882.99
1678 5881.61
1679 5882.58
1680 5881.55
1681 5883.56
1682 5883.65
1683 5885.32
1684 5885.58
1685 5888.38
1686 5888.63
1687 5888.46
1688 5884.38
1689 5961.18
1690 6073.14
1691 6083.90
1692 6096.91
1693 6115.11
1694 6135.71
1695 6149.59
1696 6162.36
1697 6181.44
1698 6196.39
1699 6248.77
1700 6268.21
1701 6309.10
1702 6321.42
1703 6318.72
1704 6329.85
1705 6371.60
1706 6384.38
1707 6380.18
1708 6397.25
1709 6410.22
1710 6405.76
1711 6412.77
1712 6423.28
1713 6421.65
1714 6406.44
1715 6423.28
1716 6406.40
1717 6396.81
1718 6393.18
1719 6395.56
1720 6402.73
1721 6402.36
1722 6400.25
1723 6393.03
1724 6392.59
1725 6391.69
1726 6400.56
1727 6404.14
1728 6402.30
1729 6395.03
1730 4007.77
1731 4009.17
1732 4006.92
1733 4005.37
1734 4005.01
1735 4004.20
1736 4005.46
1737 4003.37
1738 4000.73
1739 3999.03
1740 4000.09
1741 4001.47
1742 4001.74
1743 4000.65
1744 3999.40
1745 3998.10
1746 3997.26
1747 3998.01
1748 3997.11
1749 3995.37
1750 3994.04
1751 3990.87
1752 3988.03
1753 3986.99
1754 3987.47
1755 3988.31
1756 3986.77
1757 3983.26
1758 3980.07
1759 3981.91
1760 3982.16
1761 3986.11
1762 3986.62
1763 3993.17
1764 3990.80
1765 6401.80
1766 6401.80
1767 6397.30
1768 6396.46
1769 6394.36
1770 6399.56
1771 6404.55
1772 6406.83
1773 6406.60
1774 6402.57
1775 6401.49
1776 6397.74
1777 6399.64
1778 6405.76
1779 6409.72
1780 6405.32
1781 6400.16
1782 6394.47
1783 6392.01
1784 6389.90
1785 6384.98
1786 6383.00
1787 6382.05
1788 6381.66
1789 6380.86
1790 6378.51
1791 6386.74
1792 6389.70
1793 6394.81
1794 6390.55
1795 6390.61
1796 6390.48
1797 6397.60
1798 6402.16
1799 6404.16
1800 6393.22
1801 6381.62
1802 6379.04
1803 6382.38
1804 6380.31
1805 6384.31
1806 6389.17
1807 6390.00
1808 6388.57
1809 6387.63
1810 6386.04
1811 6388.60
1812 6387.54
1813 6389.92
1814 6385.25
1815 6385.37
1816 6382.74
1817 6389.52
1818 6378.11
1819 6384.45
1820 6384.59
1821 6392.61
1822 6398.45
1823 6402.01
1824 6405.36
1825 6408.34
1826 6411.56
1827 6414.66
1828 6413.09
1829 6414.04
1830 6412.02
1831 6410.94
1832 6412.53
1833 6406.63
1834 6415.10
1835 6410.22
1836 6397.25
1837 6397.25
1838 6397.25
1839 6368.57
1840 6379.54
1841  0.00
1842  0.00
1843  0.00
1844  0.00
1845  0.00
1846  0.00
1847  0.00
1848  0.00
1849  0.00
1850  0.00
1851  0.00
1852  0.00
1853  0.00
1854  0.00
1855  0.00
1856  0.00
1857  0.00
1858  0.00
1859 6399.59
1860 6399.59
1861 6389.02
1862 6385.09
1863 6381.81
1864 6389.67
1865 6397.86
1866 6400.90
1867 6395.66
1868 6387.61
1869 6384.19
1870 6384.19
1871 6382.90
1872 6385.39
1873 6395.69
1874 6398.13
1875 6396.30
1876 6387.38
1877 6381.24
1878 6380.77
1879 6391.48
1880 6396.17
1881 6412.22
1882 6412.64
1883 6418.12
1884 6415.58
1885 6405.23
1886 6222.58
1887 6191.10
1888 6183.55
1889 6190.32
1890 6190.32
1891 6243.27
1892 6243.27
1893 6243.27
1894 6243.27
1895 6211.74
1896 6189.60
1897 6184.93
1898 6182.04
1899 6180.06
1900 6178.10
1901 6177.56
1902 6177.30
1903 6177.66
1904 6178.03
1905 6178.31
1906 6175.49
1907 6173.17
1908 6173.18
1909 6179.30
1910 6187.69
1911 6193.61
1912 6204.19
1913 6209.53
1914 6213.73
1915 6218.03
1916 6216.63
1917 6211.74
1918 6206.88
1919 6208.28
1920 6207.98
1921 6202.28
1922 6196.06
1923 6190.10
1924 6186.22
1925 6184.17
1926 6187.82
1927 6188.26
1928 6187.75
1929 6189.43
1930 6194.08
1931 6200.67
1932 6200.57
1933 6201.97
1934 6202.28
1935 6204.97
1936 6207.62
1937 6210.80
1938 6206.99
1939 6200.25
1940 6198.58
1941 6194.64
1942 6194.22
1943 6192.47
1944 6196.41
1945 6194.37
1946 6191.04
1947 6191.77
1948 6188.02
1949 6187.49
1950 6189.50
1951 6201.98
1952 6201.98
1953 6185.64
1954 6187.79
1955 6190.47
1956 6191.19
1957 6183.95
1958 6187.17
1959 6178.77
1960 6164.98
1961 6145.93
1962 6395.12
1963 6399.84
1964 6399.84
1965 6368.11
1966 6368.11
1967 6368.11
1968 6368.11
1969 6242.59
1970 6190.47
1971 6186.14
1972 6182.29
1973 6183.18
1974 6182.61
1975 6187.40
1976 6187.75
1977 6186.05
1978 6184.10
1979 6184.88
1980 6184.11
1981 6182.89
1982 6180.34
1983 6175.28
1984 6173.27
1985 6172.15
1986 6171.05
1987 6170.50
1988 6177.64
1989 6194.81
1990 6226.65
1991 6244.56
1992 6245.62
1993 6246.92
1994 6228.41
1995 6212.01
1996 6202.79
1997 6236.22
1998 6267.72
1999 6235.35
2000 6042.84
2001 6036.51
2002 6032.69
2003 6031.67
2004 6033.95
2005 6036.49
2006 6042.06
2007 6037.86
2008 6039.37
2009 6035.02
2010 6037.53
2011 6036.49
2012 6039.40
2013 6036.97
2014 6037.48
2015 6037.98
2016 6040.12
2017 6040.61
2018 6040.23
2019 6041.48
2020 6041.77
2021 6040.88
2022 6041.61
2023 6042.19
2024 6042.92
2025 6041.38
2026 6041.85
2027 6040.06
2028 6041.23
2029 6036.27
2030 6033.07
2031 6030.27
2032 6028.51
2033 6028.18
2034 6026.90
2035 6026.99
2036 6026.84
2037 6024.57
2038 6027.05
2039 6027.11
2040 6029.92
2041 6033.28
2042 6034.48
2043 6037.38
2044 6036.67
2045 6036.49
2046 6034.73
2047 6034.61
2048 6036.90
2049 6036.90
2050 6036.34
2051 6033.06
2052 6032.80
2053 6034.78
2054 6034.79
2055 6037.40
2056 6036.48
2057 6036.85
2058 6032.76
2059 6032.69
2060 6036.41
2061 6033.27
2062 6034.99
2063 6030.81
2064 6037.73
2065 6042.71
2066 6045.78
2067 6045.67
2068 6043.25
2069 6040.71
2070 6025.32
2071 6022.83
2072 6022.66
2073 6022.48
2074 6026.33
2075 6036.97
2076 6086.14
2077 6079.46
2078 6079.46
2079 6086.13
2080 6109.77
2081 6124.02
2082 6101.10
2083 6075.85
2084 6143.48
2085 6058.08
2086 6023.26
2087 6018.56
2088 6020.08
2089 6021.71
2090 6026.82
2091 6030.60
2092 6034.18
2093 6032.56
2094 6030.28
2095 6027.66
2096 6028.51
2097 6029.35
2098 6029.06
2099 6028.91
2100 6026.08
2101 6027.38
2102 6026.32
2103 6026.08
2104 6026.11
2105 6026.03
2106 6027.43
2107 6028.75
2108 6026.67
2109 6026.85
2110 6023.62
2111 6023.80
2112 6015.23
2113 6009.42
2114 6005.18
2115 6002.76
2116 5998.50
2117 5991.40
2118 5978.73
2119 5970.70
2120 5960.55
2121 5954.64
2122 5952.78
2123 5980.05
2124 6032.66
2125 6048.75
2126 6052.63
2127 6043.40
2128 6031.54
2129 6022.20
2130 6017.68
2131 6020.04
2132 6019.30
2133 5966.36
2134 5907.61
2135 5907.61
2136 5897.52
2137 5895.37
2138 5891.07
2139 5891.45
2140 5888.05
2141 5890.04
2142 5890.37
2143 5893.37
2144 5893.71
2145 5890.21
2146 5888.96
2147 5888.81
2148 5892.85
2149 5891.75
2150 5890.69
2151 5891.60
2152 5895.60
2153 5893.05
2154 5891.43
2155 5888.13
2156 5889.97
2157 5888.23
2158 5888.38
2159 5886.79
2160 5886.76
2161 5887.51
2162 5886.70
2163 5885.99
2164 5885.12
2165 5884.62
2166 5884.32
2167 5884.41
2168 5884.85
2169 5885.58
2170 5885.19
2171 5884.52
2172 5888.39
2173 5894.36
2174 5900.33
2175 5901.03
2176 5906.98
2177 5913.01
2178 5929.24
2179 5929.39
2180 5929.08
2181 5903.76
2182 5889.17
2183 5873.26
2184 5866.77
2185 5874.39
2186 5874.39
2187 5874.39
2188 5874.39
2189 5882.57
2190 5875.45
2191 6032.54
2192 6019.63
2193 6010.59
2194 6008.31
2195 6002.02
2196 6001.40
2197 5994.87
2198 5992.49
2199 5984.81
2200 5983.84
2201 5981.37
2202 5981.60
2203 5976.25
2204 5980.22
2205 5989.93
2206 6002.74
2207 6005.35
2208 5989.13
2209 5977.71
2210 5980.95
2211 5981.97
2212 5953.17
2213 5894.50
2214 5881.69
2215 5874.47
2216 5877.51
2217 5880.85
2218 5879.08
2219 5882.81
2220 5885.52
2221 5888.68
2222 5884.58
2223 5882.91
2224 5879.91
2225 5881.27
2226 5880.92
2227 5883.96
2228 5883.75
2229 5881.52
2230 5882.36
2231 5882.10
2232 5882.84
2233 5881.79
2234 5883.29
2235 5884.23
2236 5884.38
2237 5883.38
2238 5883.15
2239 5883.23
2240 5883.48
2241 5883.22
2242 5883.18
2243 5882.09
2244 5882.29
2245 5882.04
2246 5883.85
2247 5885.94
2248 5894.18
2249 5899.48
2250 5905.67
2251 5919.28
2252 5926.68
2253 5931.34
2254 5934.47
2255 5943.28
2256 5947.04
2257 5953.51
2258 5954.07
2259 5953.93
2260 5957.25
2261 5960.34
2262 5960.80
2263 5947.37
2264 5934.37
2265 5929.85
2266 5921.03
2267 5928.55
2268 5857.09
2269 5783.64
2270 5730.66
2271 5745.01
2272 5799.44
2273 5825.77
2274 5848.28
2275 5849.19
2276 5857.22
2277 5867.20
2278 5864.29
2279 5857.72
2280 5863.77
2281 5854.54
2282 5875.35
2283 5700.23
2284 5694.24
2285 5693.99
2286 5694.10
2287 5698.88
2288 5709.29
2289 5854.91
2290 5878.95
2291 5882.46
2292 5874.81
2293 5872.64
2294 5872.32
2295 5869.21
2296 5848.28
2297 5817.14
2298 5825.76
2299 5836.39
2300 5692.46
2301 5702.27
2302 5703.80
2303 5697.25
2304 5698.32
2305 5704.56
2306 5709.95
2307 5707.83
2308 5697.21
2309 5701.45
2310 5708.34
2311 5710.05
2312 5692.31
2313 5691.42
2314 5711.32
2315 5738.91
2316 5820.28
2317 5905.68
2318 5934.09
2319 5955.99
2320 5970.02
2321 5980.69
2322 5982.42
2323 5976.49
2324 5968.13
2325 5977.17
2326 5965.04
2327 5933.78
2328 5901.07
2329 5895.91
2330 5881.53
2331 5884.47
2332 5879.21
2333 5880.93
2334 5878.92
2335 5881.13
2336 5878.00
2337 5879.10
2338 5874.35
2339 5873.40
2340 5871.41
2341 5877.39
2342 5878.41
2343 5877.31
2344 5875.64
2345 5877.85
2346 5879.38
2347 5878.86
2348 5878.48
2349 5880.69
2350 5879.66
2351 5879.53
2352 5878.06
2353 5880.64
2354 5879.93
2355 5879.82
2356 5880.64
2357 5880.24
2358 5881.25
2359 5880.70
2360 5881.04
2361 5880.20
2362 5880.57
2363 5881.24
2364 5880.78
2365 5879.62
2366 5880.86
2367 5880.44
2368 5880.07
2369 5880.15
2370 5886.45
2371 5889.80
2372 5896.91
2373 5885.02
2374 5889.59
2375 5881.56
2376 5904.02
2377 5880.23
2378 5881.42
2379 5877.65
2380 5879.41
2381 5877.70
2382 5878.34
2383 5880.98
2384 5883.23
2385 5883.87
2386 5881.89
2387 5880.48
2388 5881.43
2389 5881.88
2390 5883.42
2391 5882.20
2392 5883.04
2393 5881.10
2394 5880.84
2395 5878.59
2396 5879.27
2397 5878.49
2398 5879.94
2399 5879.75
2400 5879.35
2401 5878.43
2402 5878.13
2403 5878.40
2404 5878.05
2405 5878.00
2406 5878.91
2407 5881.26
2408 5881.96
2409 5883.79
2410 5884.96
2411 5886.80
2412 5888.27
2413 5888.71
2414 5889.73
2415 5889.38
2416 5889.66
2417 5888.27
2418 5886.64
2419 5884.85
2420 5885.36
2421 5884.26
2422 5882.98
2423 5882.22
2424 5881.16
2425 5881.44
2426 5880.56
2427 5880.13
2428 5880.30
2429 5877.63
2430 5878.41
2431 5876.05
2432 5880.13
2433 5879.51
2434 5877.42
2435 5876.31
2436 5877.42
2437 5877.78
2438 5879.45
2439 5879.39
2440 5878.10
2441 5884.74
2442 5878.90
2443 5882.71
2444 5878.53
2445 5881.95
2446 5880.01
2447 5883.43
2448 5880.47
2449 5883.90
2450 5879.88
2451 5881.21
2452 5880.79
2453 5881.00
2454 5881.75
2455 5878.27
2456 5882.03
2457 5881.99
2458 5883.87
2459 5885.24
2460 5884.31
2461 5886.18
2462 5888.66
2463 5889.99
2464 5891.10
2465 5891.07
2466 5891.44
2467 5891.25
2468 5888.80
2469 5891.01
2470 5888.25
2471 5883.77
2472 5884.33
2473 5881.71
2474 5879.56
2475 5878.12
2476 5877.91
2477 5878.17
2478 5878.94
2479 5876.79
2480 5881.46
2481 5876.08
2482 5877.45
2483 5876.35
2484 5878.96
2485 5881.74
2486 5879.49
2487 5879.21
2488 5882.37
2489 5883.67
2490 5887.59
2491 5884.94
2492 5883.63
2493 5882.67
2494 5886.56
2495 5885.66
2496 5886.90
2497 5879.71
2498 5881.08
2499 5875.80
2500 5879.67
2501 5880.49
2502 5881.20
2503 5882.55
2504 5876.24
2505 5878.32
2506 5871.20
2507 5873.53
2508 5876.39
2509 5881.74
2510 5884.54
2511 5879.61
2512 5881.03
2513 5883.27
2514 5881.21
2515 5879.95
2516 5881.22
2517 5882.44
2518 5883.68
2519 5883.18
2520 5881.60
2521 5883.18
2522 5879.96
2523 5881.56
2524 5879.48
2525 5895.98
2526 5886.33
2527 5886.33
2528 5627.40
2529 5627.40
2530 5462.31
2531 5594.89
2532 5815.63
2533 5630.67
2534 5631.70
2535 5914.61
2536 6079.20
2537 6089.26
2538 5946.58
2539 5944.73
2540  0.00
2541  0.00
2542  0.00
2543  0.00
2544  0.00
2545  0.00
2546  0.00
2547  0.00
2548  0.00
2549  0.00
2550  0.00
2551  0.00
2552  0.00
2553  0.00
2554  0.00
2555  0.00
2556  0.00
2557  0.00
2558  0.00
2559  0.00
2560  0.00
2561  0.00
2562  0.00
2563  0.00
2564  0.00
2565  0.00
2566  0.00
2567  0.00
2568  0.00
2569  0.00
2570  0.00
2571  0.00
2572  0.00
2573  0.00
2574  0.00
2575  0.00
2576  0.00
2577  0.00
2578  0.00
2579  0.00
2580  0.00
2581  0.00
2582  0.00
2583  0.00
2584  0.00
2585  0.00
2586  0.00
2587  0.00
2588  0.00
2589  0.00
2590  0.00
2591  0.00
2592  0.00
2593  0.00
2594  0.00
2595  0.00
2596  0.00
2597  0.00
2598  0.00
2599  0.00
2600  0.00
2601  0.00
2602  0.00
2603  0.00
2604  0.00
2605  0.00
2606  0.00
2607  0.00
2608  0.00
2609  0.00
2610  0.00
2611  0.00
2612  0.00
2613  0.00
2614  0.00
2615  0.00
2616  0.00
2617  0.00
2618  0.00
2619  0.00
2620  0.00
2621  0.00
2622  0.00
2623  0.00
2624  0.00
2625  0.00
2626  0.00
2627  0.00
2628  0.00
2629  0.00
2630  0.00
2631  0.00
2632  0.00
2633  0.00
2634  0.00
2635  0.00
2636  0.00
2637  0.00
2638  0.00
2639  0.00
2640  0.00
2641  0.00
2642  0.00
2643  0.00
2644  0.00
2645 5939.65
2646 5930.17
2647 5891.18
2648 5885.88
2649 5880.60
2650 5881.19
2651 5882.00
2652 5881.15
2653 5883.16
2654 5884.59
2655 5885.72
2656 5884.04
2657 5881.65
2658 5882.31
2659 5882.43
2660 5884.84
2661 5883.78
2662 5884.44
2663 5883.66
2664 5884.66
2665 5883.56
2666 5883.19
2667 5882.79
2668 5883.85
2669 5883.46
2670 5885.02
2671 5890.21
2672 5892.52
2673 5895.26
2674 5879.32
2675 5889.01
2676 5912.71
2677 6027.05
2678 6018.20
2679 6020.57
2680 6016.60
2681 6020.18
2682 6019.77
2683 6018.52
2684 6025.19
2685 6021.91
2686 6025.27
2687 6021.39
2688 6025.68
2689 6020.95
2690 6020.12
2691 6018.90
2692 6015.65
2693 6018.09
2694 6012.08
2695 6018.88
2696 6010.86
2697 6008.79
2698 6004.34
2699 6002.64
2700 5998.67
2701 5992.37
2702 5983.35
2703 5980.65
2704 5976.25
2705 5977.42
2706 5979.34
2707 5980.73
2708 5978.22
2709 5973.49
2710 5973.01
2711 5974.78
2712 5973.77
2713 5974.84
2714 5977.73
2715 5988.30
2716 5995.83
2717 5991.41
2718 5995.50
2719 5922.11
2720 5905.92
2721 5893.86
2722 5886.87
2723 5886.23
2724 5886.42
2725 5885.40
2726 5886.76
2727 5888.76
2728 5890.18
2729 5885.39
2730 5883.60
2731 5882.82
2732 5885.50
2733 5887.08
2734 5884.73
2735 5885.03
2736 5885.92
2737 5885.53
2738 5884.21
2739 5883.90
2740 5886.12
2741 5884.69
2742 5886.26
2743 5885.43
2744 5885.84
2745 5884.53
2746 5885.57
2747 5885.71
2748 5886.01
2749 5884.67
2750 5884.80
2751 5884.46
2752 5885.77
2753 5886.17
2754 5886.31
2755 5885.77
2756 5885.68
2757 5885.60
2758 5886.21
2759 5885.75
2760 5887.12
2761 5885.34
2762 5885.50
2763 5885.50
2764 5886.58
2765 5886.64
2766 5886.15
2767 5887.20
2768 5887.72
2769 5886.83
2770 5887.26
2771 5887.90
2772 5888.79
2773 5887.87
2774 5887.28
2775 5888.90
2776 5888.97
2777 5889.09
2778 5887.40
2779 5887.81
2780 5888.80
2781 5888.62
2782 5888.86
2783 5888.26
2784 5888.42
2785 5888.08
2786 5887.56
2787 5885.50
2788 5885.53
2789 5884.83
2790 5886.04
2791 5885.68
2792 5894.39
2793 5900.81
2794 5903.76
2795 5915.12
2796 6023.58
2797 6022.84
2798 6025.95
2799 6027.46
2800 6034.06
2801 6033.63
2802 6037.97
2803 6034.17
2804 6037.99
2805 6035.37
2806 6037.37
2807 6037.07
2808 6039.45
2809 6039.34
2810 6038.95
2811 6039.05
2812 6038.45
2813 6043.12
2814 6038.94
2815 6038.57
2816 6031.85
2817 6039.38
2818 6038.36
2819 6043.73
2820 6043.30
2821 6045.93
2822 6043.60
2823 6042.65
2824 6042.67
2825 6042.85
2826 6044.03
2827 6041.84
2828 6090.24
2829 6145.21
2830 6159.07
2831 6177.68
2832 6178.71
2833 6186.28
2834 6181.90
2835 6185.37
2836 6173.31
2837 6178.55
2838 6174.74
2839 6184.37
2840 6188.24
2841 6189.72
2842 6188.20
2843 6187.57
2844 6187.57
2845 6191.17
2846 6191.63
2847 6193.26
2848 6189.76
2849 6190.55
2850 6190.29
2851 6189.95
2852 6186.62
2853 6187.80
2854 6187.15
2855 6191.17
2856 6189.20
2857 6190.19
2858 6188.04
2859 6193.49
2860 6260.67
2861 6333.83
2862 6349.83
2863 6363.97
2864 6375.59
2865 6385.06
2866 6382.01
2867 6379.53
2868 6375.81
2869 6356.29
2870 6068.74
2871 6036.34
2872 6044.28
2873 6048.98
2874 6068.74
2875 6059.01
2876 6059.68
2877 6048.43
2878 6049.56
2879 6047.47
2880 6059.08
2881 6068.74
2882 6049.56
2883 6048.54
2884 6045.02
2885 6041.51
2886 6033.98
2887 6034.06
2888 6032.11
2889 6033.04
2890 6030.17
2891 6030.01
2892 6029.30
2893 6028.02
2894 6028.03
2895 6029.39
2896 6032.50
2897 6029.81
2898 6034.34
2899 6036.91
2900 6041.47
2901 6037.30
2902 6041.89
2903 6044.00
2904 6044.90
2905 6041.40
2906 6037.55
2907 6036.72
2908 6032.84
2909 6030.26
2910 6027.91
2911 6027.47
2912 6025.09
2913 6027.64
2914 6022.54
2915 6025.00
2916 6026.69
2917 6033.45
2918 6037.34
2919 6037.73
2920 6032.44
2921 6033.97
2922 6034.68
2923 6040.18
2924 6033.89
2925 6027.07
2926 6027.41
2927 6030.08
2928 6032.56
2929 6028.18
2930 6022.95
2931 6023.12
2932 6028.97
2933 6037.99
2934 6035.76
2935 6027.73
2936 6027.73
2937 6034.45
2938 6068.74
2939 6198.06
2940 6190.11
2941 6194.01
2942 6193.25
2943 6196.51
2944 6195.39
2945 6196.00
2946 6195.11
2947 6194.74
2948 6193.31
2949 6193.65
2950 6192.42
2951 6193.19
2952 6191.04
2953 6192.29
2954 6192.34
2955 6194.52
2956 6194.81
2957 6194.40
2958 6194.76
2959 6194.29
2960 6194.95
2961 6192.50
2962 6193.86
2963 6197.54
2964 6194.79
2965 6193.60
2966 6194.52
2967 6194.88
2968 6196.29
2969 6197.30
2970 6199.47
2971 6199.79
2972 6310.56
2973 6375.29
2974 6382.55
2975 6382.99
2976 6382.73
2977 6380.56
2978 6381.36
2979 6381.87
2980 6381.78
2981 6379.45
2982 6379.04
2983 6378.69
2984 6378.10
2985 6378.56
2986 6379.93
2987 6382.64
2988 6383.45
2989 6381.69
2990 6378.73
2991 6376.19
2992 6375.96
2993 6375.90
2994 6375.52
2995 6376.14
2996 6376.32
2997 6376.09
2998 6376.88
2999 6377.31
3000 6378.66
3001 6377.38
3002 6375.79
3003 6375.38
3004 6377.56
3005 6379.58
3006 6380.55
3007 6375.24
3008 6377.96
3009 6380.33
3010 6381.42
3011 6319.68
3012 6200.40
3013 6190.70
3014 6195.50
3015 6200.50
3016 6199.47
3017 6197.54
3018 6195.84
3019 6194.67
3020 6194.38
3021 6198.50
3022 6198.15
3023 6199.90
3024 6200.14
3025 6203.65
3026 6201.73
3027 6200.20
3028 6198.72
3029 6198.18
3030 6198.08
3031 6198.51
3032 6196.86
3033 6194.26
3034 6196.17
3035 6196.33
3036 6196.28
3037 6194.00
3038 6193.21
3039 6193.55
3040 6194.63
3041 6194.29
3042 6195.92
3043 6194.03
3044 6194.26
3045 6193.77
3046 6193.79
3047 6193.03
3048 6194.20
3049 6193.94
3050 6194.71
3051 6193.86
3052 6195.29
3053 6193.89
3054 6194.73
3055 6194.63
3056 6195.16
3057 6194.63
3058 6195.07
3059 6194.66
3060 6195.13
3061 6194.62
3062 6198.00
3063 6194.32
3064 6196.38
3065 6195.03
3066 6197.02
3067 6195.25
3068 6194.24
3069 6196.15
3070 6193.22
3071 6193.16
3072 6193.47
3073 6192.12
3074 6195.29
3075 6198.02
3076 6209.99
3077 6219.72
3078 6219.92
3079 6214.04
3080 6236.95
3081 6357.30
3082 6380.19
3083 6380.35
3084 6381.22
3085 6377.81
3086 6378.82
3087 6379.14
3088 6380.06
3089 6379.24
3090 6379.50
3091 6378.58
3092 6378.53
3093 6377.73
3094 6379.04
3095 6378.79
3096 6379.79
3097 6378.95
3098 6379.27
3099 6379.73
3100 6379.03
3101 6377.82
3102 6378.32
3103 6376.89
3104 6378.71
3105 6378.67
3106 6381.17
3107 6379.64
3108 6380.15
3109 6381.77
3110 6587.69
3111 6586.41
3112 6591.93
3113 6589.69
3114 6592.11
3115 6590.81
3116 6588.89
3117 6588.11
3118 6589.24
3119 6591.37
3120 6593.17
3121 6591.09
3122 6588.23
3123 6585.25
3124 6585.51
3125 6586.70
3126 6591.37
3127 6593.88
3128 6595.81
3129 6610.19
3130 6628.76
3131 6641.04
3132 6647.12
3133 6653.79
3134 6652.37
3135 6652.78
3136 6640.98
3137 6634.08
3138 6624.65
3139 6640.06
3140 6644.05
3141 6641.93
3142 6626.85
3143 6626.83
3144 6617.39
3145 6392.92
3146 6388.07
3147 6381.11
3148 6386.94
3149 6388.34
3150 6390.01
3151 6390.83
3152 6384.71
3153 6387.71
3154 6378.73
3155 6382.51
3156 6379.38
3157 6387.73
3158 6386.79
3159 6388.05
3160 6381.92
3161 6378.86
3162 6381.35
3163 6378.50
3164 6382.38
3165 6373.46
3166 6384.33
3167 6381.37
3168 6386.02
3169 6381.35
3170 6380.88
3171 6387.79
3172 6381.92
3173 6388.47
3174 6374.58
3175 6389.41
3176 6383.26
3177 6390.60
3178 6377.97
3179 6386.28
3180 6387.29
3181 6388.42
3182 6385.13
3183 6381.90
3184 6386.36
3185 6385.59
3186 6383.74
3187 6380.06
3188 6380.04
3189 6378.95
3190 6378.93
3191 6375.86
3192 6377.08
3193 6375.48
3194 6378.34
3195 6375.01
3196 6375.07
3197 6374.03
3198 6383.08
3199 6410.22
3200 6409.42
3201 6413.41
3202 6403.82
3203 6449.72
3204 6199.64
3205 6199.64
3206 6196.14
3207 6196.17
3208 6197.60
3209 6198.48
3210 6198.17
3211 6196.35
3212 6195.88
3213 6194.18
3214 6192.20
3215 6192.39
3216 6193.02
3217 6193.78
3218 6192.55
3219 6193.87
3220 6196.43
3221 6197.89
3222 6198.64
3223 6199.66
3224 6200.92
3225 6197.83
3226 6197.28
3227 6196.95
3228 6199.90
3229 6201.49
3230 6200.73
3231 6198.77
3232 6196.53
3233 6199.36
3234 6210.36
3235 6212.99
3236 6219.50
3237 6213.56
3238 6217.79
3239 6202.69
3240 6194.90
3241 6195.93
3242 6195.63
3243 6196.88
3244 6197.26
3245 6196.14
3246 6196.33
3247 6192.25
3248 6194.89
3249 6193.45
3250 6195.45
3251 6191.54
3252 6190.83
3253 6191.83
3254 6195.32
3255 6197.09
3256 6196.43
3257 6195.01
3258 6194.98
3259 6194.58
3260 6194.39
3261 6193.35
3262 6195.25
3263 6195.46
3264 6196.33
3265 6194.14
3266 6194.32
3267 6192.75
3268 6194.85
3269 6194.94
3270 6195.45
3271 6195.08
3272 6199.19
3273 6203.24
3274 6181.60
3275 6076.96
3276 6045.02
3277 6043.30
3278 6044.26
3279 6056.73
3280 6054.27
3281 6045.25
3282 6043.34
3283 6043.15
3284 6043.43
3285 6040.57
3286 6043.07
3287 6041.95
3288 6040.44
3289 6036.46
3290 6036.22
3291 6038.64
3292 6038.80
3293 6038.40
3294 6034.71
3295 6034.77
3296 6033.89
3297 6036.63
3298 6031.20
3299 6034.26
3300 6030.66
3301 6036.58
3302 6030.02
3303 6029.40
3304 6021.57
3305 6068.74
3306 6134.07
3307 6171.02
3308 6079.46
3309 6013.29
3310 6007.74
3311 6008.83
3312 6006.42
3313 6011.03
3314 6008.62
3315 6014.84
3316 6008.13
3317 6009.81
3318 6009.51
3319 6010.64
3320 6008.71
3321 6007.15
3322 6003.70
3323 6002.26
3324 6001.96
3325 6002.38
3326 6001.84
3327 5996.84
3328 5993.39
3329 5989.54
3330 5994.13
3331 5994.80
3332 5994.64
3333 5994.64
3334 5994.05
3335 5993.81
3336 5989.87
3337 5985.79
3338 5984.13
3339 5982.07
3340 5982.62
3341 5986.21
3342 5987.77
3343 5990.30
3344 5981.79
3345 5961.20
3346 5896.77
3347 5890.61
3348 5886.37
3349 5887.83
3350 5886.99
3351 5885.54
3352 5884.94
3353 5884.60
3354 5886.02
3355 5885.07
3356 5881.54
3357 5878.68
3358 5877.16
3359 5878.71
3360 5878.78
3361 5877.07
3362 5875.65
3363 5875.55
3364 5876.41
3365 5875.75
3366 5876.95
3367 5876.55
3368 5876.78
3369 5877.10
3370 5876.49
3371 5875.04
3372 5865.70
3373 5873.59
3374 5893.38
3375 5727.94
3376 5709.28
3377 5703.21
3378 5696.91
3379 5695.94
3380 5703.16
3381 5706.91
3382 5706.37
3383 5699.20
3384 5703.32
3385 5707.55
3386 5704.32
3387 5695.04
3388 5695.17
3389 5693.32
3390 5694.26
3391 5689.28
3392 5694.64
3393 5699.04
3394 5702.27
3395 5694.69
3396 5695.45
3397 5698.18
3398 5701.69
3399 5703.81
3400 5727.99
3401 5744.70
3402 5747.27
3403 5886.33
3404 5916.47
3405 5932.02
3406 5944.37
3407 5965.55
3408 5985.15
3409 5998.59
3410 6013.42
3411 6034.29
3412 6076.46
3413 6101.33
3414 6101.10
3415 6096.70
3416 6140.63
3417 6140.63
3418 6140.63
3419 6140.63
3420 6123.01
3421 6107.67
3422 6118.41
3423 6143.50
3424 6141.41
3425 6147.71
3426 6147.54
3427 6155.74
3428 6162.83
3429 6168.35
3430 6170.64
3431 6169.04
3432 6170.60
3433 6164.24
3434 6164.52
3435 6164.92
3436 6176.32
3437 6174.12
3438 6171.37
3439 6171.77
3440 6172.25
3441 6174.66
3442 6175.50
3443 6175.66
3444 6176.26
3445 6175.24
3446 6174.68
3447 6175.33
3448 6176.00
3449 6176.47
3450 6177.51
3451 6176.09
3452 6175.81
3453 6174.35
3454 6175.16
3455 6175.05
3456 6175.11
3457 6174.77
3458 6174.45
3459 6175.07
3460 6175.08
3461 6174.79
3462 6174.64
3463 6173.58
3464 6173.60
3465 6172.40
3466 6171.22
3467 6170.87
3468 6170.65
3469 6170.06
3470 6168.81
3471 6167.75
3472 6167.26
3473 6166.32
3474 6161.69
3475 6157.48
3476 6153.33
3477 6143.44
3478 6119.59
3479 6101.10
3480 6074.43
3481 6016.11
3482 6005.78
3483 6005.78
3484 5993.58
3485 6020.32
3486 6027.94
3487 6034.89
3488 6038.87
3489 6037.85
3490 6031.88
3491 6025.72
3492 6028.19
3493 6026.15
3494 6021.59
3495 6014.31
3496 6007.13
3497 6007.10
3498 6014.79
3499 6026.51
3500 6013.92
3501 6015.24
3502 6014.45
3503 6018.85
3504 6012.80
3505 6017.91
3506 6020.04
3507 6032.88
3508 6025.48
3509 6011.79
3510 5997.25
3511 5993.44
3512 5983.51
3513 5974.54
3514 5957.83
3515 5970.68
3516 5980.51
3517 6004.16
3518 6021.73
3519 6002.35
3520 5994.70
3521 5989.50
3522 5992.22
3523 5986.28
3524 5964.70
3525 5976.62
3526 5966.69
3527 5975.13
3528 5961.29
3529 6023.31
3530 6023.69
3531 6041.39
3532 6058.08
3533 6096.31
3534 6201.21
3535 6208.93
3536 6208.27
3537 6207.47
3538 6202.44
3539 6201.83
3540 6198.49
3541 6203.28
3542 6195.24
3543 6187.68
3544 6189.55
3545 6156.41
3546 6064.13
3547 6022.30
3548 6012.54
3549 6016.32
3550 6022.82
3551 6042.80
3552 6112.02
3553 6130.49
3554 6130.49
3555 6142.21
3556 6142.21
3557 6142.21
3558 6142.21
3559 6162.26
3560 6171.68
3561 6166.48
3562 6134.58
3563 6123.12
3564 6026.51
3565 5986.89
3566 5986.47
3567 5996.85
3568 5998.24
3569 6005.82
3570 6001.36
3571 6012.30
3572  0.00
3573  0.00
3574  0.00
3575  0.00
3576  0.00
3577  0.00
3578  0.00
3579 6010.99
3580 6010.99
3581 6010.99
3582 6010.99
3583 6056.16
3584 6021.99
3585 6013.76
3586 6012.88
3587 6012.60
3588 6016.48
3589 6020.59
3590 6026.59
3591 6031.27
3592 6029.05
3593 6023.66
3594 6020.67
3595 6017.03
3596 6017.29
3597 6020.97
3598 6021.13
3599 6021.21
3600 6015.28
3601 6013.71
3602 6010.88
3603 6007.40
3604 6005.18
3605 6003.68
3606 6004.16
3607 6004.57
3608 5999.49
3609 5994.40
3610 6003.07
3611 6029.43
3612 6035.79
3613 6031.77
3614 6022.68
3615 6017.45
3616 6012.92
3617 6006.46
3618 6005.07
3619 5963.86
3620 5893.74
3621 5882.40
3622 5879.51
3623 5876.33
3624 5878.62
3625 5876.89
3626 5876.07
3627 5875.62
3628 5878.00
3629 5877.45
3630 5875.58
3631 5874.61
3632 5874.17
3633 5874.41
3634 5875.48
3635 5875.18
3636 5874.59
3637 5874.67
3638 5877.99
3639 5877.19
3640 5877.11
3641 5875.49
3642 5876.14
3643 5876.99
3644 5878.13
3645 5880.34
3646 5880.90
3647 5881.41
3648 5882.17
3649 5881.06
3650 5880.72
3651 5879.84
3652 5881.47
3653 5883.09
3654 5884.94
3655 5894.76
3656 5904.55
3657 5904.81
3658 5906.83
3659 5910.18
3660 5921.84
3661 5930.45
3662 5939.33
3663 5952.58
3664 5965.12
3665 5974.64
3666 5976.32
3667 5995.50
3668 5965.04
3669 5955.00
3670 5925.31
3671 5956.26
3672 5951.47
3673 5964.57
3674 5984.52
3675 5997.63
3676 5996.36
3677 5995.30
3678 5990.98
3679 5991.60
3680 5983.64
3681 5980.14
3682 5973.50
3683 5975.70
3684 5972.90
3685 5970.61
3686 5966.55
3687 5966.60
3688 5981.80
3689 6000.61
3690 6009.38
3691 6017.31
3692 6025.09
3693 6034.68
3694 6010.12
3695 5990.87
3696 5987.99
3697 5926.94
3698 5879.66
3699 5875.13
3700 5867.75
3701 5867.04
3702 5867.89
3703 5869.88
3704 5868.63
3705 5867.30
3706 5868.15
3707 5870.16
3708 5874.68
3709 5871.53
3710 5867.90
3711 5863.67
3712 5868.73
3713 5869.55
3714 5868.89
3715 5869.24
3716 5872.26
3717 5874.01
3718 5875.66
3719 5876.04
3720 5876.41
3721 5875.82
3722 5876.89
3723 5878.92
3724 5881.13
3725 5884.66
3726 5901.40
3727 5927.05
3728 5957.82
3729 5963.21
3730 5964.64
3731 5969.77
3732 5972.34
3733 5971.98
3734 5970.56
3735 5968.69
3736 5971.66
3737 5974.74
3738 5984.40
3739 5979.70
3740 5975.61
3741 5972.20
3742 5964.60
3743 5945.03
3744 5886.33
3745 5801.87
3746 5773.28
3747 5783.64
3748 5780.90
3749 5829.57
3750 5848.28
3751 5844.20
3752 5846.12
3753 5848.28
3754 5829.57
3755 5816.47
3756 5808.54
3757 5811.05
3758 5719.83
3759 5693.85
3760 5693.53
3761 5693.49
3762 5695.65
3763 5700.32
3764 5700.62
3765 5699.40
3766 5697.99
3767 5697.90
3768 5698.00
3769 5693.43
3770 5691.33
3771 5690.13
3772 5689.23
3773 5687.40
3774 5687.54
3775 5689.66
3776 5694.38
3777 5695.73
3778 5695.03
3779 5693.64
3780 5693.90
3781 5690.64
3782 5658.28
3783 5977.24
3784 5972.37
3785 5979.02
3786 5978.91
3787 5981.88
3788 5974.06
3789 5982.22
3790 6001.84
3791 6011.34
3792 5988.30
3793 5978.69
3794 5902.98
3795 5887.48
3796 5883.74
3797 5878.58
3798 5874.91
3799 5877.43
3800 5878.00
3801 5880.25
3802 5878.41
3803 5880.36
3804 5878.59
3805 5878.08
3806 5875.78
3807 5876.62
3808 5878.49
3809 5880.17
3810 5880.37
3811 5879.08
3812 5878.82
3813 5879.69
3814 5880.02
3815 5879.65
3816 5880.48
3817 5880.55
3818 5880.73
3819 5879.99
3820 5880.49
3821 5880.73
3822 5881.10
3823 5880.29
3824 5880.63
3825 5881.09
3826 5881.83
3827 5881.97
3828 5882.82
3829 5882.81
3830 5884.21
3831 5884.65
3832 5887.02
3833 5886.96
3834 5887.24
3835 5885.63
3836 5885.87
3837 5884.39
3838 5887.41
3839 5887.53
3840 5903.42
3841 5912.59
3842 5900.19
3843 5882.91
3844 5879.33
3845 5876.48
3846 5876.86
3847 5875.16
3848 5874.59
3849 5875.16
3850 5876.90
3851 5877.65
3852 5877.11
3853 5875.62
3854 5875.41
3855 5873.55
3856 5874.00
3857 5874.69
3858 5876.79
3859 5875.52
3860 5876.52
3861 5878.08
3862 5879.22
3863 5880.23
3864 5880.11
3865 5880.58
3866 5879.89
3867 5879.21
3868 5879.66
3869 5878.94
3870 5880.63
3871 5880.29
3872 5881.30
3873 5879.89
3874 5878.86
3875 5877.59
3876 5877.51
3877 5875.16
3878 5876.40
3879 5873.99
3880 5874.54
3881 5873.05
3882 5872.22
3883 5871.88
3884 5871.58
3885 5876.44
3886 5884.38
3887 5873.52
3888 5882.75
3889 5913.91
3890 5890.53
3891 5879.71
3892 5877.71
3893 5874.82
3894 5876.13
3895 5877.07
3896 5878.87
3897 5879.61
3898 5880.56
3899 5878.57
3900 5877.92
3901 5875.02
3902 5874.81
3903 5873.71
3904 5874.47
3905 5873.41
3906 5873.12
3907 5872.98
3908 5872.46
3909 5873.34
3910 5871.56
3911 5870.92
3912 5867.76
3913 5867.22
3914 5867.85
3915 5870.40
3916 5873.00
3917 5875.66
3918 5875.87
3919 5876.85
3920 5876.12
3921 5876.51
3922 5877.21
3923 5878.23
3924 5878.42
3925 5878.84
3926 5877.64
3927 5878.28
3928 5877.39
3929 5876.54
3930 5875.05
3931 5875.01
3932 5876.12
3933 5876.69
3934 5875.70
3935 5874.52
3936 5873.30
3937 5871.93
3938 5870.18
3939 5868.54
3940 5868.83
3941 5871.05
3942 5872.59
3943 5874.21
3944 5874.31
3945 5875.36
3946 5875.81
3947 5877.08
3948 5878.20
3949 5880.10
3950 5880.08
3951 5880.44
3952 5879.00
3953 5878.78
3954 5878.51
3955 5877.90
3956 5877.16
3957 5876.54
3958 5878.37
3959 5879.00
3960 5878.81
3961 5876.96
3962 5873.82
3963 5877.16
3964 5877.10
3965 5880.54
3966 5878.85
3967 5876.63
3968 5879.82
3969 5880.75
3970 5884.57
3971 5882.23
3972 5879.02
3973 5882.79
3974 5887.13
3975 5887.01
3976 5882.75
3977 5878.66
3978 5878.79
3979 5879.47
3980 5878.43
3981 5876.12
3982 5872.34
3983 5870.31
3984 5872.74
3985 5870.01
3986 5871.77
3987 5864.86
3988 5873.41
3989 5877.54
3990 5876.24
3991 5878.67
3992 5878.40
3993 5883.94
3994 5884.94
3995 5886.03
3996 5886.73
3997 5880.47
3998 5884.10
3999 5885.75
4000 5887.73
4001 5880.90
4002 5882.41
4003 5877.92
4004 5883.51
4005 5881.77
4006 5882.77
4007 5875.80
4008 5874.03
4009 5878.70
4010 5878.27
4011 5875.26
4012 5876.52
4013 5876.03
4014 5881.55
4015 5876.52
4016 5875.79
4017 5873.81
4018 5874.96
4019 5879.06
4020 5881.41
4021 5881.39
4022 5884.90
4023 5883.40
4024 5886.32
4025 5878.90
4026 5882.98
4027 5887.49
4028 5885.61
4029 5881.42
4030 5884.07
4031 5880.52
4032 5880.85
4033 5882.50
4034 5889.42
4035 5888.53
4036 5876.74
4037 6004.29
4038  0.00
4039  0.00
4040  0.00
4041  0.00
4042  0.00
4043  0.00
4044  0.00
4045  0.00
4046  0.00
4047  0.00
4048  0.00
4049  0.00
4050  0.00
4051  0.00
4052  0.00
4053  0.00
4054  0.00
4055  0.00
4056  0.00
4057  0.00
4058  0.00
4059  0.00
4060  0.00
4061  0.00
4062  0.00
4063  0.00
4064  0.00
4065  0.00
4066  0.00
4067  0.00
4068  0.00
4069  0.00
4070  0.00
4071  0.00
4072  0.00
4073  0.00
4074  0.00
4075  0.00
4076  0.00
4077  0.00
4078  0.00
4079  0.00
4080  0.00
4081  0.00
4082  0.00
4083  0.00
4084  0.00
4085  0.00
4086  0.00
4087  0.00
4088  0.00
4089  0.00
4090  0.00
4091  0.00
4092  0.00
4093  0.00
4094  0.00
4095  0.00
4096  0.00
4097  0.00
4098  0.00
4099  0.00
4100  0.00
4101  0.00
4102 5789.66
4103 5636.03
4104 5636.03
4105 5920.69
4106 5920.69
4107 5911.56
4108 5907.47
4109 5901.53
4110 5899.11
4111 5899.30
4112 5900.12
4113 5900.99
4114 5899.61
4115 5902.66
4116 5903.41
4117 5903.42
4118 5901.44
4119 5900.42
4120 5901.54
4121 5897.82
4122 5900.80
4123 5898.35
4124 5899.93
4125 5899.00
4126 5902.09
4127 5900.66
4128 5901.95
4129 5901.93
4130 5900.08
4131 5899.85
4132 5901.61
4133 5901.50
4134 5901.00
4135 5901.17
4136 5899.02
4137 5899.57
4138 5899.97
4139 5902.10
4140 5899.92
4141 5897.51
4142 5899.59
4143 5900.27
4144 5901.03
4145 5900.81
4146 5901.79
4147 5902.25
4148 5900.21
4149 5901.68
4150 5902.74
4151 5903.23
4152 5901.97
4153 5901.96
4154 5902.18
4155 5901.15
4156 5900.90
4157 5902.01
4158 5901.41
4159 5901.95
4160 5900.58
4161 5901.79
4162 5901.64
4163 5902.00
4164 5901.75
4165 5901.86
4166 5901.81
4167 5901.65
4168 5901.48
4169 5901.67
4170 5901.28
4171 5901.75
4172 5901.69
4173 5901.23
4174 5901.17
4175 5901.48
4176 5902.57
4177 5902.31
4178 5902.53
4179 5900.07
4180 5899.19
4181 5900.69
4182 5902.20
4183 5903.06
4184 5901.21
4185 5900.22
4186 5901.55
4187 5900.11
4188 5901.61
4189 5898.34
4190 5898.14
4191 5900.98
4192 5901.58
4193 5902.75
4194 5901.95
4195 5901.13
4196 5900.53
4197 5900.29
4198 5899.95
4199 5901.39
4200 5899.55
4201 5901.71
4202 5901.99
4203 5900.26
4204 5897.11
4205 5897.35
4206 5896.80
4207 5898.69
4208 5900.55
4209 5897.84
4210 5898.90
4211 5897.91
4212 5898.47
4213 5898.09
4214 5895.39
4215 5897.57
4216 5896.76
4217 5895.57
4218 5895.64
4219 5895.16
4220 5895.46
4221 5894.20
4222 5894.75
4223 5894.26
4224 5894.71
4225 5893.92
4226 5894.62
4227 5895.01
4228 5895.74
4229 5896.60
4230 5896.63
4231 5896.83
4232 5894.78
4233 5895.97
4234 5895.09
4235 5896.60
4236 5898.16
4237 5899.91
4238 5897.86
4239 5895.48
4240 5894.77
4241 5897.26
4242 5898.17
4243 5895.72
4244 5895.43
4245 5894.54
4246 5897.80
4247 5898.90
4248 5898.22
4249 5900.82
4250 5900.76
4251 5905.97
4252 5909.51
4253 5905.89
4254 5888.93
4255 5890.40
4256 6025.58
4257 6025.77
4258 6026.32
4259 6027.41
4260 6031.70
4261 6035.50
4262 6040.38
4263 6037.76
4264 6036.38
4265 6034.94
4266 6036.27
4267 6037.05
4268 6038.22
4269 6037.98
4270 6038.42
4271 6038.84
4272 6040.17
4273 6037.98
4274 6038.21
4275 6037.77
4276 6038.35
4277 6037.79
4278 6036.36
4279 6037.55
4280 6038.19
4281 6040.36
4282 6038.32
4283 6033.03
4284 6028.38
4285 6031.20
4286 6019.61
4287 5993.08
4288 5992.56
4289 5990.94
4290 6024.45
4291 6006.68
4292 5990.47
4293 6167.69
4294 6184.91
4295 6194.31
4296 6200.92
4297 6206.36
4298 6205.12
4299 6209.29
4300 6208.76
4301 6210.56
4302 6207.74
4303 6208.02
4304 6204.24
4305 6206.56
4306 6202.08
4307 6201.02
4308 6197.29
4309 6196.57
4310 6196.66
4311 6196.49
4312 6192.76
4313 6187.97
4314 6182.93
4315 6178.80
4316 6168.82
4317 6167.69
4318 6157.15
4319 6156.82
4320 6158.35
4321 6159.08
4322 6151.63
4323 6153.19
4324 6148.54
4325 6157.02
4326 6162.09
4327 6165.90
4328 6166.12
4329 6160.74
4330 6159.63
4331 6158.24
4332 6157.49
4333 6160.96
4334 6158.60
4335 6160.16
4336 6154.61
4337 6157.92
4338 5955.00
4339 5955.00
4340 5955.00
4341 6065.25
4342 6054.64
4343 6056.05
4344 6058.55
4345 6063.83
4346 6065.61
4347 6066.98
4348 6066.07
4349 6068.03
4350 6064.14
4351 6061.54
4352 6059.45
4353 6059.90
4354 6060.56
4355 6058.47
4356 6057.34
4357 6055.08
4358 6055.50
4359 6055.05
4360 6055.91
4361 6055.10
4362 6055.30
4363 6055.24
4364 6053.96
4365 6051.40
4366 6049.83
4367 6044.46
4368 6041.12
4369 6035.89
4370 6036.53
4371 6036.91
4372 6036.17
4373 6036.40
4374 6034.64
4375 6030.46
4376 6024.17
4377 6013.21
4378 6010.85
4379 6010.05
4380 6010.37
4381 6006.73
4382 6002.72
4383 5994.77
4384 5986.02
4385 5975.60
4386 5962.52
4387 5934.36
4388 5906.26
4389 5901.49
4390 5915.43
4391 5926.14
4392 5942.38
4393 5708.67
4394 5691.02
4395 5695.26
4396 5695.77
4397 5696.47
4398 5694.25
4399 5693.12
4400 5695.20
4401 5695.17
4402 5694.32
4403 5691.61
4404 5692.33
4405 5694.79
4406 5692.10
4407 5686.97
4408 5689.05
4409 5690.89
4410 5693.93
4411 5691.13
4412 5692.39
4413 5694.08
4414 5693.26
4415 5692.09
4416 5691.78
4417 5696.09
4418 5694.96
4419 5692.85
4420 5690.53
4421 5693.42
4422 5694.17
4423 5693.25
4424 5689.09
4425 5692.52
4426 5695.45
4427 5696.29
4428 5667.33
4429 5660.95
4430 5657.03
4431 5678.43
4432 5679.93
4433 5674.70
4434 5924.47
4435 5899.04
4436 5894.67
4437 5889.89
4438 5886.09
4439 5885.46
4440 5882.25
4441 5885.35
4442 5886.31
4443 5890.09
4444 5888.53
4445 5888.81
4446 5886.08
4447 5888.63
4448 5887.28
4449 5889.11
4450 5888.17
4451 5889.18
4452 5889.66
4453 5888.36
4454 5888.13
4455 5888.45
4456 5889.06
4457 5888.22
4458 5888.37
4459 5888.12
4460 5888.49
4461 5888.34
4462 5888.22
4463 5888.37
4464 5889.06
4465 5888.70
4466 5889.04
4467 5888.68
4468 5888.15
4469 5887.86
4470 5885.82
4471 5887.52
4472 5887.45
4473 5894.22
4474 5892.89
4475 5895.95
4476 5995.50
4477 6014.84
4478 6023.64
4479 6028.60
4480 6040.15
4481 6042.16
4482 6043.06
4483 6038.06
4484 6040.57
4485 6037.07
4486 6039.88
4487 6042.86
4488 6040.12
4489 6039.40
4490 6039.56
4491 6041.01
4492 6038.53
4493 6035.67
4494 6031.52
4495 6033.58
4496 6032.45
4497 6030.95
4498 6024.87
4499 6024.84
4500 6027.80
4501 6029.73
4502 6029.71
4503 6021.26
4504 6020.24
4505 6024.74
4506 6030.96
4507 6022.74
4508 6022.86
4509 6032.63
4510 6039.38
4511 6058.08
4512 6156.41
4513 6168.87
4514 6179.04
4515 6182.57
4516 6185.69
4517 6186.43
4518 6187.21
4519 6189.96
4520 6189.72
4521 6190.62
4522 6188.46
4523 6188.36
4524 6186.02
4525 6183.20
4526 6184.15
4527 6183.77
4528 6188.47
4529 6186.15
4530 6189.80
4531 6189.25
4532 6192.90
4533 6188.86
4534 6192.29
4535 6189.31
4536 6194.44
4537 6191.20
4538 6193.96
4539 6190.46
4540 6191.97
4541 6192.10
4542 6194.27
4543 6192.11
4544 6191.47
4545 6191.36
4546 6193.14
4547 6191.24
4548 6192.68
4549 6178.78
4550 6190.56
4551 6168.51
4552 6245.41
4553 6385.72
4554 6385.51
4555 6385.14
4556 6384.79
4557 6384.64
4558 6384.07
4559 6381.43
4560 6379.25
4561 6380.00
4562 6378.98
4563 6378.67
4564 6377.44
4565 6379.54
4566 6381.97
4567 6383.91
4568 6384.10
4569 6382.48
4570 6379.60
4571 6376.59
4572 6372.06
4573 6372.07
4574 6374.54
4575 6379.67
4576 6378.47
4577 6375.36
4578 6373.92
4579 6377.14
4580 6380.81
4581 6380.46
4582 6375.88
4583 6375.01
4584 6379.13
4585 6382.67
4586 6382.53
4587 6375.04
4588 6370.60
4589 6374.09
4590 6376.67
4591 6369.10
4592 6237.74
4593 6211.22
4594 6202.39
4595 6200.82
4596 6198.18
4597 6199.84
4598 6197.76
4599 6196.25
4600 6194.83
4601 6194.83
4602 6195.76
4603 6196.09
4604 6195.75
4605 6193.40
4606 6192.65
4607 6193.95
4608 6209.30
4609 6225.43
4610 6333.83
4611  0.00
4612  0.00
4613  0.00
4614  0.00
4615  0.00
4616 6363.25
4617 6363.25
4618 6358.12
4619 6334.64
4620 6074.23
4621 6039.13
4622 6032.46
4623 6034.19
4624 6037.98
4625 6043.46
4626 6041.48
4627 6036.79
4628 6032.99
4629 6032.26
4630 6033.01
4631 6035.74
4632 6036.31
4633 6034.65
4634 6031.95
4635 6031.84
4636 6035.24
4637 6036.85
4638 6037.45
4639 6035.89
4640 6034.21
4641 6031.98
4642 6031.92
4643 6032.59
4644 6033.41
4645 6031.99
4646 6033.93
4647 6034.08
4648 6036.41
4649 6030.08
4650 6008.46
4651 5990.99
4652 5989.66
4653 6038.41
4654 6054.54
4655 6028.10
4656 6026.16
4657 6024.23
4658 6026.48
4659 6028.85
4660 6032.20
4661 6033.20
4662 6031.63
4663 6030.14
4664 6028.04
4665 6028.63
4666 6028.22
4667 6028.68
4668 6026.56
4669 6024.43
4670 6022.82
4671 6022.51
4672 6021.26
4673 6020.79
4674 6018.83
4675 6015.85
4676 6013.57
4677 6011.65
4678 6009.73
4679 6008.37
4680 6008.87
4681 6009.26
4682 6009.19
4683 6006.81
4684 6004.47
4685 5970.01
4686 5963.98
4687 5963.63
4688 5999.71
4689 6004.95
4690 5971.14
4691 5943.63
4692 5932.97
4693 5916.02
4694 5923.98
4695 5915.92
4696 5920.65
4697 5901.21
4698 5902.14
4699 5897.97
4700 5897.77
4701 5896.90
4702 5890.18
4703 5888.01
4704 5885.18
4705 5882.90
4706 5881.13
4707 5879.28
4708 5877.20
4709 5874.30
4710 5877.51
4711 5888.28
4712 5911.52
4713 5927.65
4714 5931.92
4715 5923.97
4716 5914.34
4717 5908.98
4718 5906.56
4719 5907.48
4720 5856.02
4721 5703.82
4722 5703.51
4723 5695.93
4724 5694.87
4725 5693.50
4726 5699.21
4727 5699.57
4728 5698.70
4729 5692.57
4730 5701.06
4731 5702.05
4732 5697.35
4733 5687.31
4734 5690.31
4735 5690.03
4736 5689.83
4737 5686.35
4738 5689.60
4739 5692.35
4740 5697.27
4741 5693.93
4742 5692.57
4743 5695.53
4744 5694.81
4745 5694.64
4746 5693.12
4747 5690.50
4748 5691.61
4749 5689.72
4750 5692.94
4751 5692.77
4752 5688.62
4753 6378.31
4754 6384.74
4755 6387.04
4756 6386.45
4757 6384.98
4758 6383.37
4759 6384.46
4760 6383.05
4761 6381.07
4762 6379.96
4763 6380.99
4764 6381.14
4765 6380.68
4766 6381.99
4767 6387.29
4768 6389.32
4769 6388.84
4770 6383.48
4771 6380.47
4772 6378.86
4773 6378.91
4774 6378.81
4775 6380.07
4776 6380.48
4777 6382.00
4778 6381.31
4779 6380.58
4780 6381.35
4781 6380.27
4782 6380.94
4783 6378.53
4784 6378.40
4785 6379.49
4786 6381.57
4787 6381.03
4788 6383.29
4789 6383.67
4790 6382.99
4791 6381.87
4792 6383.64
4793 6384.03
4794 6383.76
4795 6380.96
4796 6385.76
4797 6385.01
4798 6383.97
4799 6382.67
4800 6383.34
4801 6384.78
4802 6384.87
4803 6381.93
4804 6377.38
4805 6378.50
4806 6382.17
4807 6382.02
4808 6381.38
4809 6380.26
4810 6386.02
4811 6384.86
4812 6381.97
4813 6376.65
4814 6377.31
4815 6383.27
4816 6387.99
4817 6374.43
4818 6374.20
4819 6382.31
4820 6382.94
4821 6383.13
4822 6384.99
4823 6386.77
4824 6387.22
4825 6383.51
4826 6380.87
4827 6380.76
4828 6381.08
4829 6380.86
4830 6383.27
4831 6386.25
4832 6389.88
4833 6390.07
4834 6387.66
4835 6383.15
4836 6385.72
4837 6390.73
4838 6397.38
4839 6394.53
4840 6390.01
4841 6388.14
4842 6386.34
4843 6396.73
4844 6390.69
4845 6374.65
4846 6346.33
4847 6322.17
4848 6321.42
4849 6295.90
4850 6284.71
4851 6228.27
4852 6215.10
4853 6198.07
4854 6200.25
4855 6210.13
4856 6218.20
4857 6211.24
4858 6215.22
4859 6219.82
4860 6236.95
4861 6236.95
4862 6251.31
4863 6255.56
4864 6260.67
4865 6237.60
4866 6236.95
4867 6226.02
4868 6224.56
4869 6225.39
4870 6221.83
4871 6221.91
4872 6229.08
4873 6234.57
4874 6230.61
4875 6219.61
4876 6217.95
4877 6215.16
4878 6210.20
4879 6208.36
4880 6201.31
4881 6198.30
4882 6192.43
4883 6193.20
4884 6195.46
4885 6193.63
4886 6194.78
4887 6193.08
4888 6194.32
4889 6192.63
4890 6194.33
4891 6195.78
4892 6195.48
4893 6194.95
4894 6196.29
4895 6199.96
4896 6204.85
4897 6196.44
4898 6189.91
4899 6257.38
4900 6216.88
4901 6203.12
4902 6198.28
4903 6194.56
4904 6197.20
4905 6200.17
4906 6198.99
4907 6195.56
4908 6192.79
4909 6194.41
4910 6194.69
4911 6194.93
4912 6193.96
4913 6192.80
4914 6193.07
4915 6193.65
4916 6194.85
4917 6195.00
4918 6201.39
4919 6248.77
4920 6229.53
4921 6271.13
4922 6318.91
4923 6344.23
4924 6363.33
4925 6364.25
4926 6356.48
4927 6342.90
4928 6321.42
4929 6134.07
4930 6064.38
4931  0.00
4932  0.00
4933  0.00
4934  0.00
4935  0.00
4936  0.00
4937  0.00
4938 6067.99
4939 6067.99
4940 6067.99
4941 6067.99
4942 6060.96
4943 6058.90
4944 6047.26
4945 6046.30
4946 6041.46
4947 6047.12
4948 6043.30
4949 6046.98
4950 6044.11
4951 6046.36
4952 6044.53
4953 6048.56
4954 6044.44
4955 6045.14
4956 6045.37
4957 6046.31
4958 6050.30
4959 6046.77
4960 6053.09
4961 6049.16
4962 6053.41
4963 6057.69
4964 6057.01
4965 6054.03
4966 6052.77
4967 6048.81
4968 6050.47
4969 6044.20
4970 6046.16
4971 6048.30
4972 6050.37
4973 6053.04
4974 6048.89
4975 6049.68
4976 6049.37
4977 6045.87
4978 6048.23
4979 6045.65
4980 6043.92
4981 6042.84
4982 6041.56
4983 6042.74
4984 6038.20
4985 6036.70
4986 6034.04
4987 6034.31
4988 6034.68
4989 6038.32
4990 6040.02
4991 6067.89
4992 6032.37
4993 6031.40
4994 6024.64
4995 6028.00
4996 6026.64
4997 6030.58
4998 6027.95
4999 6027.41
5000 6024.96
5001 6025.01
5002 6025.48
5003 6023.97
5004 6023.16
5005 6019.23
5006 6018.49
5007 6016.08
5008 6015.03
5009 6014.65
5010 6012.19
5011 6009.70
5012 6008.39
5013 6007.72
5014 6006.74
5015 6006.84
5016 6005.82
5017 6005.57
5018 6002.43
5019 6002.71
5020 6000.31
5021 5999.12
5022 5993.97
5023 5994.36
5024 5995.40
5025 5997.42
5026 5997.21
5027 6000.07
5028 5999.66
5029 6000.04
5030 5993.22
5031 5977.60
5032 5925.24
5033 5895.06
5034 5873.62
5035 5874.61
5036 5880.81
5037 5881.91
5038 5875.90
5039 5879.26
5040 5882.58
5041 5884.58
5042 5880.04
5043 5878.41
5044 5876.51
5045 5875.89
5046 5879.45
5047 5881.70
5048 5880.14
5049 5878.89
5050 5878.91
5051 5880.06
5052 5880.50
5053 5880.45
5054 5880.14
5055 5880.85
5056 5880.19
5057 5880.65
5058 5879.92
5059 5881.56
5060 5880.26
5061 5880.29
5062 5879.60
5063 5881.08
5064 5880.96
5065 5881.67
5066 5881.10
5067 5882.55
5068 5882.48
5069 5883.46
5070 5882.35
5071 5882.50
5072 5882.22
5073 5882.96
5074 5882.86
5075 5883.43
5076 5883.58
5077 5883.90
5078 5884.18
5079 5883.82
5080 5884.04
5081 5883.88
5082 5883.70
5083 5883.70
5084 5883.31
5085 5883.79
5086 5883.63
5087 5883.03
5088 5882.53
5089 5882.05
5090 5881.93
5091 5881.79
5092 5882.21
5093 5884.59
5094 5885.41
5095 5888.87
5096 5890.32
5097 5899.15
5098 5913.94
5099 5934.85
5100 5942.68
5101 5947.62
5102 5959.27
5103 5975.13
5104 5993.85
5105 6146.61
5106 6185.39
5107 6186.63
5108 6188.95
5109 5941.83
5110 5940.87
5111 5983.76
5112 6023.79
5113 6013.63
5114 6003.67
5115 6002.89
5116 5994.88
5117 5992.05
5118 5984.38
5119 5982.79
5120 5977.21
5121 5975.49
5122 5975.10
5123 5980.32
5124 5987.47
5125 5994.33
5126 5997.72
5127 5996.84
5128 5985.46
5129 5987.57
5130 5983.00
5131 5987.11
5132 5955.90
5133 5915.43
5134 5883.33
5135 5865.28
5136 5863.74
5137 5873.72
5138 5879.33
5139 5877.71
5140 5876.51
5141 5876.71
5142 5876.61
5143 5877.38
5144 5877.00
5145 5877.51
5146 5878.24
5147 5881.83
5148 5882.97
5149 5885.29
5150 5887.39
5151 5891.09
5152 5891.95
5153 5891.33
5154 5890.75
5155 5889.62
5156 5887.79
5157 5887.23
5158 5888.58
5159 5889.32
5160 5888.92
5161 5888.24
5162 5888.22
5163 5888.68
5164 5888.69
5165 5887.86
5166 5886.24
5167 5885.36
5168 5885.51
5169 5885.68
5170 5885.55
5171 5885.61
5172 5884.75
5173 5883.75
5174 5882.25
5175 5882.95
5176 5906.38
5177 5984.80
5178 6024.95
5179 6035.19
5180 6041.31
5181 6039.66
5182 6035.07
5183 6027.74
5184 6014.97
5185 5993.90
5186 5934.23
5187 5930.70
5188 5925.24
5189 5904.03
5190 5896.59
5191 5891.97
5192 5887.20
5193 5885.26
5194 5884.06
5195 5884.45
5196 5884.87
5197 5886.75
5198 5885.97
5199 5883.47
5200 5881.69
5201 5882.72
5202 5883.16
5203 5883.78
5204 5883.34
5205 5882.26
5206 5880.99
5207 5880.85
5208 5880.16
5209 5880.85
5210 5880.25
5211 5881.06
5212 5881.59
5213 5882.36
5214 5881.53
5215 5881.64
5216 5879.66
5217 5880.86
5218 5879.99
5219 5881.33
5220 5880.94
5221 5882.39
5222 5883.37
5223 5887.44
5224 5886.43
5225 5888.10
5226 5887.35
5227 5889.09
5228 5888.29
5229 5888.16
5230 5888.30
5231 5889.60
5232 5889.33
5233 5888.21
5234 5888.60
5235 5887.33
5236 5889.61
5237 5886.77
5238 5888.95
5239 5887.58
5240 5885.14
5241 5885.62
5242 5886.75
5243 5886.86
5244 5885.25
5245 5882.98
5246 5886.21
5247 5885.07
5248 5885.30
5249 5882.19
5250 5884.76
5251 5885.78
5252 5885.08
5253 5885.06
5254 5887.88
5255 5888.62
5256 5891.03
5257 5890.01
5258 5889.82
5259 5887.24
5260 5889.81
5261 5893.68
5262 5892.19
5263 5890.31
5264 5887.55
5265 5888.27
5266 5889.47
5267 5888.76
5268 5887.98
5269 5888.24
5270 5886.11
5271 5886.08
5272 5881.80
5273 5882.23
5274 5881.53
5275 5878.93
5276 5881.40
5277 5881.06
5278 5880.24
5279 5880.70
5280 5880.40
5281 5883.21
5282 5880.86
5283 5883.06
5284 5884.68
5285 5885.32
5286 5885.64
5287 5885.89
5288 5887.96
5289 5888.67
5290 5890.43
5291 5885.82
5292 5890.14
5293 5893.40
5294 5906.58
5295 5906.58
5296 5906.58
5297 5906.58
5298 6056.46
5299  0.00
5300  0.00
5301  0.00
5302  0.00
5303  0.00
5304  0.00
5305  0.00
5306  0.00
5307  0.00
5308  0.00
5309  0.00
5310  0.00
5311  0.00
5312  0.00
5313  0.00
5314  0.00
5315  0.00
5316  0.00
5317  0.00
5318  0.00
5319  0.00
5320  0.00
5321  0.00
5322  0.00
5323  0.00
5324  0.00
5325  0.00
5326  0.00
5327  0.00
5328  0.00
5329  0.00
5330  0.00
5331  0.00
5332  0.00
5333  0.00
5334  0.00
5335  0.00
5336  0.00
5337  0.00
5338  0.00
5339  0.00
5340  0.00
5341  0.00
5342 6079.46
5343 5925.84
5344 5901.01
5345 5896.19
5346 5891.20
5347 5889.84
5348 5889.11
5349 5890.18
5350 5889.20
5351 5887.85
5352 5889.30
5353 5890.50
5354 5890.14
5355 5889.94
5356 5891.18
5357 5892.59
5358 5892.25
5359 5891.16
5360 5893.15
5361 5894.74
5362 5893.84
5363 5892.67
5364 5891.60
5365 5891.01
5366 5890.14
5367 5888.93
5368 5890.02
5369 5890.91
5370 5891.88
5371 5891.08
5372 5889.93
5373 5890.96
5374 5891.08
5375 5893.18
5376 5892.69
5377 5890.90
5378 5891.17
5379 5891.92
5380 5894.76
5381 5894.16
5382 5892.66
5383 5892.72
5384 5891.77
5385 5891.45
5386 5890.78
5387 5891.70
5388 5892.20
5389 5892.61
5390 5890.70
5391 5890.88
5392 5891.60
5393 5893.68
5394 5892.27
5395 5891.80
5396 5891.80
5397 5892.80
5398 5893.42
5399 5893.79
5400 5894.43
5401 5894.22
5402 5893.65
5403 5893.59
5404 5891.93
5405 5892.72
5406 5892.03
5407 5893.15
5408 5892.12
5409 5892.79
5410 5891.53
5411 5892.29
5412 5892.26
5413 5892.36
5414 5892.23
5415 5891.83
5416 5893.80
5417 5900.51
5418 5899.19
5419 5890.36
5420 5869.98
5421 5877.87
5422 5883.55
5423 5970.45
5424 5996.42
5425 6008.22
5426 6010.07
5427 6013.28
5428 6017.28
5429 6026.06
5430 6014.38
5431 6014.23
5432 6009.22
5433 6022.75
5434 6016.65
5435 6020.25
5436 6015.96
5437 6022.67
5438 6016.26
5439 6020.60
5440 6017.98
5441 6016.81
5442 6018.89
5443 6014.90
5444 6015.28
5445 6003.83
5446 6016.11
5447 6003.37
5448 6013.72
5449 6009.72
5450 6021.91
5451 6018.71
5452 6025.65
5453 6025.77
5454 6026.95
5455 6031.05
5456 6038.79
5457 6113.40
5458 6156.41
5459 6179.04
5460 6183.39
5461 6187.37
5462 6188.86
5463 6188.74
5464 6189.71
5465 6189.66
5466 6191.18
5467 6187.34
5468 6190.37
5469 6188.91
5470 6191.40
5471 6190.66
5472 6188.85
5473 6187.41
5474 6187.65
5475 6188.19
5476 6189.56
5477 6186.70
5478 6188.60
5479 6188.60
5480 6188.65
5481 6186.91
5482 6184.85
5483 6187.31
5484 6187.93
5485 6186.70
5486 6186.10
5487 6186.04
5488 6186.51
5489 6185.68
5490 6183.21
5491 6186.24
5492 6187.72
5493 6192.35
5494 6192.16
5495 6190.76
5496 6189.38
5497 6190.31
5498 6188.55
5499 6112.02
5500 6060.41
5501 6060.39
5502 6053.99
5503 6064.67
5504 6064.11
5505 6067.40
5506 6067.92
5507 6058.99
5508 6063.35
5509 6055.74
5510 6059.91
5511 6052.04
5512 6061.84
5513 6066.05
5514 6067.76
5515 6064.55
5516 6056.21
5517 6052.25
5518 6045.36
5519 6058.08
5520 6049.56
5521 6057.43
5522 6047.50
5523 6055.48
5524 6043.02
5525 6061.00
5526 6055.14
5527 6068.74
5528 6068.74
5529 6068.43
5530 6080.06
5531 6068.30
5532 6055.21
5533 6049.83
5534 6047.50
5535 6035.87
5536 6026.09
5537 6023.29
5538 6011.13
5539 5893.72
5540 5888.18
5541 5887.46
5542 5884.82
5543 5888.33
5544 5888.50
5545 5890.06
5546 5888.72
5547 5887.94
5548 5889.52
5549 5887.73
5550 5888.21
5551 5888.36
5552 5889.15
5553 5889.73
5554 5888.13
5555 5888.56
5556 5889.99
5557 5890.50
5558 5891.03
5559 5890.22
5560 5890.03
5561 5889.54
5562 5887.73
5563 5887.47
5564 5887.93
5565 5888.83
5566 5887.09
5567 5885.21
5568 5884.47
5569 5883.68
5570 5883.69
5571 5883.50
5572 5883.79
5573 5884.16
5574 5885.04
5575 5886.12
5576 5887.24
5577 5888.12
5578 5886.44
5579 5887.33
5580 5886.18
5581 5886.87
5582 5874.30
5583 6378.52
5584 6384.67
5585 6386.97
5586 6390.16
5587 6395.88
5588 6400.45
5589 6401.93
5590 6400.05
5591 6395.45
5592 6394.38
5593 6393.13
5594 6395.70
5595 6393.27
5596 6390.54
5597 6390.27
5598 6391.75
5599 3996.93
5600 3996.60
5601 3995.44
5602 3995.44
5603 3994.79
5604 3993.87
5605 3993.36
5606 3992.20
5607 3994.06
5608 3995.55
5609 3996.10
5610 3996.25
5611 3994.35
5612 6395.73
5613 6392.58
5614 6389.58
5615 6388.41
5616 6389.54
5617 6394.67
5618 6393.50
5619 6391.56
5620 6385.99
5621 6384.97
5622 6393.58
5623 6392.15
5624 6390.25
5625 6381.66
5626 6380.43
5627 6397.25
5628 6392.33
5629 6392.59
5630 6384.21
5631 6378.21
5632 3993.04
5633 3991.16
5634 3992.39
5635 3991.95
5636 3991.89
5637 3992.61
5638 3990.46
5639 3992.02
5640 3989.26
5641 3989.58
5642 3988.30
5643 3989.04
5644 3989.69
5645 3991.08
5646 3991.65
5647 3992.37
5648 3990.44
5649 3989.53
5650 3987.73
5651 3987.37
5652 3987.87
5653 3988.61
5654 6381.29
5655 6397.25
5656 6395.85
5657 6397.25
5658 6384.38
5659 6375.49
5660 6389.61
5661 6396.26
5662 6401.01
5663 6392.24
5664 6389.58
5665 6394.85
5666 6552.78
5667 6589.84
5668 6592.81
5669 6585.68
5670 6577.15
5671 6580.66
5672 6592.58
5673 6590.12
5674 6596.21
5675 6586.57
5676 6581.29
5677 6571.01
5678 6458.05
5679 6404.64
5680 6396.09
5681 6400.10
5682 6400.98
5683 6400.31
5684 6402.23
5685 6401.44
5686 6403.96
5687 6403.21
5688 6404.50
5689 6405.89
5690 6400.21
5691 6400.93
5692 6399.14
5693 6395.77
5694 6397.18
5695 6396.25
5696 6394.42
5697 6393.17
5698 6395.07
5699 6394.00
5700 6393.90
5701 6393.85
5702 6397.64
5703 6405.26
5704 6407.27
5705 6418.09
5706 6440.96
5707 6434.26
5708 6431.41
5709 6423.36
5710 6413.29
5711 6430.59
5712 6237.79
5713 6201.98
5714 6189.12
5715 6190.76
5716 6195.39
5717 6196.31
5718 6199.27
5719 6197.10
5720 6197.88
5721 6194.56
5722 6192.40
5723 6191.85
5724 6191.85
5725 6191.85
5726 6191.85
5727 6196.09
5728 6197.78
5729 6196.50
5730 6197.70
5731 6194.59
5732 6193.73
5733 6193.22
5734 6193.27
5735 6193.80
5736 6193.54
5737 6193.57
5738 6193.64
5739 6193.29
5740 6194.57
5741 6194.78
5742 6194.62
5743 6193.15
5744 6193.04
5745 6191.91
5746 6192.48
5747 6192.69
5748 6193.16
5749 6192.52
5750 6192.70
5751 6192.04
5752 6192.61
5753 6193.31
5754 6194.16
5755 6193.47
5756 6193.02
5757 6193.22
5758 6194.24
5759 6194.59
5760 6194.05
5761 6194.30
5762 6195.24
5763 6195.29
5764 6190.42
5765 6191.28
5766 6194.47
5767 6197.13
5768 6193.68
5769 6193.54
5770 6194.52
5771 6195.53
5772 6198.51
5773 6204.77
5774 6343.04
5775 6373.27
5776 6381.23
5777 6385.06
5778 6395.87
5779 6395.64
5780 6397.86
5781 6396.18
5782 6225.21
5783 6176.95
5784 6185.19
5785 6189.11
5786 6194.49
5787 6195.35
5788 6197.20
5789 6196.63
5790 6197.68
5791 6195.95
5792 6196.26
5793 6192.52
5794 6193.28
5795 6191.59
5796 6195.11
5797 6195.31
5798 6195.87
5799 6194.94
5800 6193.92
5801 6193.23
5802 6192.86
5803 6194.38
5804 6193.44
5805 6193.42
5806 6196.78
5807 6202.69
5808 6210.66
5809  0.00
5810  0.00
5811  0.00
5812  0.00
5813  0.00
5814  0.00
5815  0.00
5816 6141.21
5817 6141.21
5818 6141.21
5819 6060.54
5820 6051.19
5821 6040.61
5822 6048.38
5823 6052.22
5824 6059.37
5825 6052.88
5826 6050.40
5827 6053.65
5828 6049.50
5829 6048.28
5830 6041.72
5831 6044.85
5832 6045.38
5833 6049.97
5834 6045.60
5835 6047.66
5836 6044.79
5837 6049.78
5838 6050.58
5839 6050.06
5840 6049.13
5841 6047.94
5842 6050.15
5843 6049.81
5844 6051.90
5845 6048.48
5846 6050.02
5847 6046.97
5848 6050.40
5849 6045.06
5850 6046.55
5851 6043.65
5852 6048.04
5853 6046.07
5854 6044.68
5855 6041.74
5856 6039.37
5857 6038.84
5858 6043.14
5859 6046.31
5860 6038.62
5861 6025.94
5862 6024.02
5863 6025.73
5864 6028.67
5865 6026.90
5866 6027.78
5867 6026.02
5868 6028.26
5869 6027.58
5870 6029.93
5871 6026.26
5872 6026.20
5873 6022.74
5874 6024.77
5875 6088.74
5876  0.00
5877  0.00
5878  0.00
5879  0.00
5880  0.00
5881  0.00
5882  0.00
5883 6131.12
5884 6038.01
5885 6038.01
5886 6066.93
5887 6034.32
5888 6025.08
5889 6018.62
5890 6018.49
5891 6020.98
5892 6024.84
5893 6025.23
5894 6023.95
5895 6022.12
5896 6021.16
5897 6020.52
5898 6020.10
5899 6019.86
5900 6019.26
5901 6018.94
5902 6019.18
5903 6019.13
5904 6018.87
5905 6017.98
5906 6017.12
5907 6015.73
5908 6014.60
5909 6012.54
5910 6011.48
5911 6009.25
5912 6008.01
5913 6006.06
5914 6004.01
5915 6002.76
5916 6001.30
5917 6000.58
5918 6000.03
5919 5998.71
5920 5997.95
5921 5995.50
5922 5994.52
5923 5993.14
5924 5995.18
5925 5995.98
5926 5995.90
5927 5993.27
5928 5992.53
5929 5992.45
5930 5995.47
5931 5996.72
5932 5996.32
5933 5998.62
5934 5935.10
5935 5902.62
5936 5899.80
5937 5897.77
5938 5896.90
5939 5896.70
5940 5900.22
5941 5903.66
5942 5904.50
5943 5902.86
5944 5901.03
5945 5900.70
5946 5902.20
5947 5899.86
5948 5901.52
5949 5900.49
5950 5901.79
5951 5902.90
5952 5900.95
5953 5900.35
5954 5901.07
5955 5901.45
5956 5902.08
5957 5900.06
5958 5901.33
5959 5902.09
5960 5901.95
5961 5901.79
5962 5900.85
5963 5902.56
5964 5901.55
5965 5901.41
5966 5900.56
5967 5901.08
5968 5901.34
5969 5899.94
5970 5900.39
5971 5900.00
5972 5901.40
5973 5901.40
5974 5901.21
5975 5902.06
5976 5902.25
5977 5901.40
5978 5901.22
5979 5900.82
5980 5900.89
5981 5901.16
5982 5901.65
5983 5906.71
5984 5908.92
5985 5908.38
5986 5909.05
5987 5918.92
5988 5946.10
5989 5848.28
5990 6163.65
5991 6163.65
5992 6170.89
5993 6169.29
5994 6169.01
5995 6165.10
5996 6164.64
5997 6167.98
5998 6177.01
5999 6205.69
6000 5921.07
6001 5914.02
6002 5856.49
6003 6037.86
6004 6033.09
6005 6031.19
6006 6029.53
6007 6032.85
6008 6037.13
6009 6043.23
6010 6037.79
6011 6036.45
6012 6035.03
6013 6040.88
6014 6043.09
6015 6042.23
6016 6039.33
6017 6040.16
6018 6040.59
6019 6039.91
6020 6038.79
6021 6036.05
6022 6035.36
6023 6033.77
6024 6041.36
6025 6073.15
6026 6117.75
6027 6127.06
6028 6126.93
6029 6123.88
6030 6110.25
6031 6069.99
6032 5946.21
6033 5902.28
6034 5899.00
6035 5896.24
6036 5893.67
6037 5891.81
6038 5896.81
6039 5899.56
6040 5901.12
6041 5898.09
6042 5899.73
6043 5899.57
6044 5900.11
6045 5898.15
6046 5899.06
6047 5898.79
6048 5898.90
6049 5897.87
6050 5898.18
6051 5897.75
6052 5897.95
6053 5897.67
6054 5898.74
6055 5903.86
6056 5927.59
6057 5957.04
6058 5977.73
6059 5987.79
6060 5994.67
6061 6000.50
6062 5997.30
6063 5999.28
6064 6003.99
6065 6008.37
6066 6002.20
6067 6004.67
6068 5998.32
6069 6002.01
6070 5989.81
6071 5997.58
6072 5971.16
6073 5936.37
6074 5895.98
6075 5883.56
6076 5877.17
6077 5875.20
6078 5871.08
6079 5880.24
6080 5884.75
6081 5889.42
6082 5886.53
6083 5886.70
6084 5886.58
6085 5890.44
6086 5890.25
6087 5888.48
6088 5890.68
6089 5891.05
6090 5891.99
6091 5893.07
6092 5892.03
6093 5892.30
6094 5890.18
6095 5890.76
6096 5890.51
6097 5890.80
6098 5891.53
6099 5892.08
6100 5891.84
6101 5891.30
6102 5892.65
6103 5894.46
6104 5895.93
6105 5895.37
6106 5895.38
6107 5895.64
6108 5894.35
6109 5894.81
6110 5894.24
6111 5894.54
6112 5894.46
6113 5893.32
6114 5894.19
6115 5893.30
6116 5893.48
6117 5892.96
6118 5892.48
6119 5892.28
6120 5892.02
6121 5891.04
6122 5891.14
6123 5890.20
6124 5889.17
6125 5888.33
6126 5888.67
6127 5888.52
6128 5888.83
6129 5887.34
6130 5888.47
6131 5887.92
6132 5888.47
6133 5889.82
6134 5889.86
6135 5891.63
6136 5891.69
6137 5891.98
6138 5895.16
6139 5895.36
6140 5895.19
6141 5894.73
6142 5893.98
6143 5894.80
6144 5893.40
6145 5892.37
6146 5892.53
6147 5892.32
6148 5892.97
6149 5892.22
6150 5890.25
6151 5888.44
6152 5888.07
6153 5889.43
6154 5891.05
6155 5888.11
6156 5888.09
6157 5890.35
6158 5891.09
6159 5891.33
6160 5892.50
6161 5893.75
6162 5894.75
6163 5891.55
6164 5886.69
6165 5891.36
6166 5893.92
6167 5891.32
6168 5892.41
6169 5890.52
6170 5891.40
6171 5889.95
6172 5889.07
6173 5890.64
6174 5890.51
6175 5890.36
6176 5890.61
6177 5889.90
6178 5888.02
6179 5889.90
6180 5885.10
6181 5885.49
6182 5889.22
6183 5890.54
6184 5886.33
6185 5882.65
6186 5886.93
6187 5893.09
6188 5895.54
6189 5892.82
6190 5898.46
6191 5894.56
6192 5894.60
6193 5898.49
6194 5899.22
6195 5891.87
6196 5892.84
6197 5896.45
6198 5894.76
6199 5892.61
6200 5890.32
6201 5888.83
6202 5888.67
6203 5880.85
6204 5895.98
6205 5895.98
6206 5901.75
6207  0.00
6208  0.00
6209  0.00
6210  0.00
6211  0.00
6212  0.00
6213  0.00
6214  0.00
6215  0.00
6216  0.00
6217  0.00
6218  0.00
6219  0.00
6220  0.00
6221  0.00
6222  0.00
6223  0.00
6224  0.00
6225  0.00
6226  0.00
6227  0.00
6228  0.00
6229  0.00
6230  0.00
6231  0.00
6232  0.00
6233  0.00
6234  0.00
6235  0.00
6236  0.00
6237  0.00
6238  0.00
6239  0.00
6240  0.00
6241  0.00
6242  0.00
6243  0.00
6244  0.00
6245  0.00
6246  0.00
6247  0.00
6248  0.00
6249  0.00
6250  0.00
6251  0.00
6252  0.00
6253  0.00
6254  0.00
6255  0.00
6256  0.00
6257  0.00
6258  0.00
6259  0.00
6260  0.00
6261  0.00
6262  0.00
6263  0.00
6264  0.00
6265  0.00
6266  0.00
6267  0.00
6268  0.00
6269  0.00
6270  0.00
6271 5889.42
6272 5889.42
6273 5888.18
6274 5886.33
6275 5886.03
6276 5887.68
6277 5891.01
6278 5892.09
6279 5891.21
6280 5890.14
6281 5891.88
6282 5891.52
6283 5891.98
6284 5892.22
6285 5894.07
6286 5894.98
6287 5893.58
6288 5895.37
6289 5894.88
6290 5894.25
6291 5892.94
6292 5893.17
6293 5892.57
6294 5892.40
6295 5892.50
6296 5892.91
6297 5892.77
6298 5892.53
6299 5894.35
6300 5895.04
6301 5895.35
6302 5894.97
6303 5895.96
6304 5898.81
6305 5898.27
6306 5896.05
6307 5945.03
6308 6006.58
6309 6026.64
6310 6026.55
6311 6033.96
6312 6022.47
6313 6045.13
6314 6030.22
6315 6032.95
6316 6024.51
6317 6037.11
6318 6037.84
6319 6027.32
6320 6015.15
6321 6016.57
6322 6034.94
6323 6032.97
6324 6030.58
6325 6035.45
6326 6034.53
6327 6033.32
6328 6033.75
6329 6040.40
6330 6042.87
6331 6044.21
6332 6044.39
6333 6043.82
6334 6043.42
6335 6040.54
6336 6043.73
6337 6040.04
6338 6032.05
6339 6021.80
6340 6019.73
6341 6017.08
6342 6179.04
6343 6187.38
6344 6189.53
6345 6189.58
6346 6193.11
6347 6191.29
6348 6194.53
6349 6191.70
6350 6194.81
6351 6194.52
6352 6190.79
6353 6191.73
6354 6191.76
6355 6194.27
6356 6194.97
6357 6195.31
6358 6193.48
6359 6192.19
6360 6190.74
6361 6192.55
6362 6191.80
6363 6191.78
6364 6191.61
6365 6192.47
6366 6193.69
6367 6192.86
6368 6192.51
6369 6192.49
6370 6191.52
6371 6191.99
6372 6190.82
6373 6192.95
6374 6191.89
6375 6189.99
6376 6188.05
6377 6187.89
6378 6188.65
6379 6187.80
6380 6187.86
6381 6190.91
6382 6189.21
6383 6188.66
6384 6183.32
6385 6130.87
6386 6063.51
6387 6058.08
6388 6045.31
6389 6045.42
6390 6056.00
6391 6049.43
6392 6059.62
6393 6057.18
6394 6059.01
6395 6053.72
6396 6054.86
6397 6055.92
6398 6056.70
6399 6055.37
6400 6053.39
6401 6055.64
6402 6055.51
6403 6064.12
6404 6061.12
6405 6062.15
6406 6056.69
6407 6060.38
6408 6060.87
6409 6062.70
6410 6060.93
6411 6067.40
6412 6067.94
6413 6081.08
6414 6077.77
6415 6080.90
6416 6071.19
6417 6077.84
6418 6078.92
6419 6076.69
6420 6079.46
6421 6069.62
6422 6090.24
6423 6067.08
6424 6066.41
6425 6050.91
6426 6065.91
6427 6064.11
6428 6074.48
6429 6062.24
6430 6086.28
6431 6078.90
6432 6101.10
6433 6096.64
6434 6029.84
6435 6024.54
6436 6026.60
6437 6025.45
6438 6031.40
6439 6033.46
6440 6043.75
6441 6040.07
6442 6039.83
6443 6039.05
6444 6040.50
6445 6043.90
6446 6037.14
6447 6040.31
6448 6034.50
6449 6044.85
6450 6039.53
6451 6045.64
6452 6035.83
6453 6038.93
6454 6033.40
6455 6040.04
6456 6033.32
6457 6033.16
6458 6025.96
6459 6025.28
6460 6024.07
6461 6018.82
6462 6016.26
6463 6007.93
6464 6008.91
6465 6002.55
6466 5999.79
6467 5992.38
6468 5996.03
6469 5998.25
6470 5997.28
6471 5991.07
6472 5990.02
6473 6001.66
6474 6008.16
6475 6021.96
6476 5976.19
6477 5895.98
6478 5897.70
6479 5897.06
6480 5896.53
6481 5891.73
6482 5892.24
6483 5896.56
6484 5898.56
6485 5895.15
6486 5892.57
6487 5892.00
6488 5893.75
6489 5893.68
6490 5893.34
6491 5894.97
6492 5893.85
6493 5892.88
6494 5893.78
6495 5892.88
6496 5893.47
6497 5893.34
6498 5892.22
6499 5892.75
6500 5891.41
6501 5892.84
6502 5892.33
6503 5891.87
6504 5891.70
6505 5890.90
6506 5892.88
6507 5892.91
6508 5890.96
6509 5889.75
6510 5889.58
6511 5890.44
6512 5889.30
6513 5890.89
6514 5893.87
6515 6380.57
6516 6394.48
6517 6397.09
6518 6395.75
6519 6392.25
6520 6394.95
6521 6400.49
6522 6405.00
6523 6404.31
6524 6398.25
6525 6394.34
6526 6391.99
6527 6391.67
6528 3994.95
6529 3994.93
6530 3996.31
6531 3997.41
6532 3996.66
6533 3995.57
6534 3995.35
6535 3994.70
6536 3993.79
6537 3992.96
6538 3992.24
6539 3993.42
6540 3993.99
6541 3995.10
6542 3995.03
6543 3994.47
6544 3993.43
6545 3991.93
6546 3991.88
6547 3992.19
6548 3993.09
6549 3993.01
6550 3991.67
6551 3991.29
6552 3990.73
6553 3991.13
6554 3992.47
6555 3992.16
6556 3992.96
6557 3991.93
6558 3991.47
6559 3992.83
6560 3990.33
6561 3991.62
6562 3988.58
6563 3989.35
6564 3988.56
6565 3990.54
6566 3992.59
6567 3992.31
6568 3992.16
6569 3990.70
6570 3993.24
6571 4000.47
6572 4005.90
6573 6383.12
6574 6383.12
6575 6383.12
6576 6381.83
6577 6388.34
6578 6393.48
6579 6394.74
6580 6396.26
6581 6395.87
6582 6398.75
6583 6398.67
6584 6397.59
6585 6398.82
6586 6395.71
6587 6396.29
6588 6396.35
6589 6396.43
6590 6395.48
6591 6396.03
6592 6394.49
6593 6393.64
6594 6392.17
6595 6392.13
6596 6390.72
6597 6387.51
6598 6391.20
6599 6390.04
6600 6391.88
6601 6391.17
6602 6392.18
6603 6404.87
6604 6246.45
6605 6225.21
6606 6211.38
6607 6207.73
6608 6210.98
6609 6204.07
6610 6200.30
6611 6195.19
6612 6194.78
6613 6192.54
6614 6190.48
6615 6194.53
6616 6195.39
6617 6198.77
6618 6197.14
6619 6197.15
6620 6195.14
6621 6195.63
6622 6194.89
6623 6194.31
6624 6192.73
6625 6193.67
6626 6193.23
6627 6194.51
6628 6194.17
6629 6194.34
6630 6192.02
6631 6193.62
6632 6193.16
6633 6194.74
6634 6193.28
6635 6194.10
6636 6194.06
6637 6194.74
6638 6194.09
6639 6194.76
6640 6193.79
6641 6195.57
6642 6195.47
6643 6194.68
6644 6195.91
6645 6196.39
6646 6196.94
6647 6195.54
6648 6195.98
6649 6198.18
6650 6200.42
6651 6200.87
6652 6201.27
6653 6202.56
6654 6202.14
6655 6209.64
6656 6232.86
6657 6259.10
6658 6270.33
6659 6309.10
6660 6272.65
6661 6181.43
6662 6188.52
6663 6191.10
6664 6193.53
6665 6193.82
6666 6193.06
6667 6193.78
6668 6194.11
6669 6195.21
6670 6194.98
6671 6194.37
6672 6194.40
6673 6193.59
6674 6195.96
6675 6194.52
6676 6195.90
6677 6194.53
6678 6194.82
6679 6196.98
6680 6199.66
6681 6205.83
6682 6209.02
6683 6211.55
6684 6436.77
6685 6423.17
6686 6421.07
6687 6421.07
6688 6421.39
6689 6423.47
6690 6429.43
6691 3624.02
6692 3624.02
6693 3624.02
6694 3626.45
6695 3630.34
6696 3634.19
6697 3629.80
6698 3623.60
6699 3620.67
6700 3625.16
6701 3633.13
6702  0.00
6703  0.00
6704  0.00
6705  0.00
6706  0.00
6707  0.00
6708  0.00
6709  0.00
6710  0.00
6711  0.00
6712  0.00
6713  0.00
6714 6042.57
6715 6042.57
6716 6038.92
6717 6036.28
6718 6033.99
6719 6040.15
6720 6042.09
6721 6042.34
6722 6039.75
6723 6037.57
6724 6044.71
6725 6044.23
6726 6048.36
6727 6037.73
6728 6043.01
6729 6039.16
6730 6041.09
6731 6036.09
6732 6041.68
6733 6049.98
6734 6047.77
6735 6059.60
6736 6071.53
6737 6088.26
6738 6082.56
6739 6080.02
6740 6043.35
6741 6017.31
6742 6018.71
6743 6015.52
6744 6019.76
6745 6022.39
6746 6032.23
6747 6033.92
6748 6028.80
6749 6023.57
6750 6024.03
6751 6031.20
6752 6031.58
6753 6031.73
6754 6027.27
6755 6025.83
6756 6024.33
6757 6022.92
6758 6019.95
6759 6019.13
6760 6017.54
6761 6018.45
6762 6017.05
6763 6014.83
6764 6013.72
6765 6010.90
6766 6010.70
6767 6010.21
6768 6009.81
6769 6008.49
6770 6009.80
6771 6017.27
6772 6068.74
6773 6179.04
6774 5998.34
6775 5882.80
6776 5867.62
6777 5861.29
6778 5859.36
6779 5870.48
6780 5880.34
6781 5882.61
6782 5881.80
6783 5884.92
6784 5887.84
6785 5886.24
6786 5888.05
6787 5890.08
6788 5889.60
6789 5889.34
6790 5887.70
6791 5889.53
6792 5892.25
6793 5892.57
6794 5892.43
6795 5891.65
6796 5890.48
6797 5890.01
6798 5888.87
6799 5888.70
6800 5888.73
6801 5889.00
6802 5888.87
6803 5889.39
6804 5888.53
6805 5896.96
6806 5909.32
6807 5943.53
6808 5956.05
6809 5953.50
6810 5943.79
6811 5925.24
6812 5940.63
6813 5935.18
6814 5934.18
6815 5921.35
6816 5905.88
6817 5907.99
6818 5903.89
6819 5901.33
6820 5891.51
6821 5885.03
6822 5893.27
6823 5898.22
6824 5904.13
6825 5903.75
6826 5900.91
6827 5893.40
6828 5888.27
6829 5892.23
6830 5894.32
6831 5892.72
6832 5888.46
6833 5891.24
6834 5891.08
6835 5891.43
6836 5892.29
6837 5891.53
6838 5892.64
6839 5890.22
6840 5893.30
6841 5891.45
6842 5891.15
6843 5890.28
6844 5889.52
6845 5890.12
6846 5889.69
6847 5890.15
6848 5890.71
6849 5890.51
6850 5889.21
6851 5888.70
6852 5887.53
6853 5888.29
6854 5886.61
6855 5889.53
6856 5889.27
6857 5890.58
6858 5888.45
6859 5888.81
6860 5888.92
6861 5890.91
6862 5889.86
6863 5891.43
6864 5892.25
6865 5891.72
6866 5889.79
6867 5888.69
6868 5889.72
6869 5890.62
6870 5890.84
6871 5890.77
6872 5891.16
6873 5890.55
6874 5889.74
6875 5890.30
6876 5890.53
6877 5890.74
6878 5888.13
6879 5888.56
6880 5888.50
6881 5889.42
6882 5888.39
6883 5889.58
6884 5889.36
6885 5889.96
6886 5888.48
6887 5889.27
6888 5888.64
6889 5888.68
6890 5886.40
6891 5887.22
6892 5885.42
6893 5886.01
6894 5883.06
6895 5884.16
6896 5884.30
6897 5885.00
6898 5883.79
6899 5884.90
6900 5888.59
6901 5889.98
6902 5888.45
6903 5887.00
6904 5891.09
6905 5892.74
6906 5893.27
6907 5892.66
6908 5892.49
6909 5893.79
6910 5897.29
6911 5896.25
6912 5896.38
6913 5897.62
6914 5898.59
6915 5896.41
6916 5898.98
6917 5889.98
6918 5892.83
6919 5889.55
6920 5889.81
6921 5888.96
6922 5884.68
6923 5884.99
6924 5884.35
6925 5885.28
6926 5888.19
6927 5891.53
6928 5894.52
6929 5915.43
6930 6113.36
6931 6390.15
6932 6156.35
6933  0.00
6934  0.00
6935  0.00
6936  0.00
6937  0.00
6938  0.00
6939  0.00
6940  0.00
6941  0.00
6942  0.00
6943  0.00
6944  0.00
6945  0.00
6946  0.00
6947  0.00
6948  0.00
6949  0.00
6950  0.00
6951  0.00
6952  0.00
6953  0.00
6954  0.00
6955  0.00
6956  0.00
6957  0.00
6958  0.00
6959  0.00
6960  0.00
6961  0.00
6962  0.00
6963  0.00
6964  0.00
6965  0.00
6966  0.00
6967  0.00
6968  0.00
6969  0.00
6970  0.00
6971  0.00
6972  0.00
6973  0.00
6974  0.00
6975  0.00
6976  0.00
6977  0.00
6978  0.00
6979  0.00
6980  0.00
6981  0.00
6982  0.00
6983  0.00
6984  0.00
6985  0.00
6986  0.00
6987  0.00
6988  0.00
6989  0.00
6990  0.00
6991  0.00
6992  0.00
