1  0.00
2  0.00
3  0.00
4  0.00
5  0.00
6 6258.24
7 6215.90
8 6218.15
9 6214.32
10 6218.91
11 6215.23
12 6212.84
13 6212.36
14 6212.15
15 6211.47
16 6212.31
17 6213.55
18 6213.51
19 6214.03
20 6213.57
21 6214.30
22 6213.24
23 6214.50
24 6214.28
25 6220.63
26 6223.80
27 6230.44
28 6229.60
29 6232.10
30 6228.77
31 6230.99
32 6231.78
33 6385.49
34 6394.87
35 6396.65
36 6401.85
37 6403.07
38 6406.32
39 6407.00
40 6409.34
41 6408.80
42 6410.50
43 6409.28
44 6405.37
45 6403.29
46 6400.41
47 6400.90
48 6404.58
49 6406.69
50 6407.82
51 6410.43
52 6406.34
53 6403.56
54 6401.94
55 6399.20
56 6400.13
57 6399.68
58 6398.54
59 6400.03
60 6398.43
61 6398.85
62 6399.39
63 6398.43
64 6398.75
65 6398.30
66 6400.23
67 6399.43
68 6398.43
69 6398.73
70 6398.19
71 6395.67
72 6395.91
73 6396.56
74 6393.54
75 6395.37
76 6394.02
77 6390.45
78 6392.96
79 6389.28
80 6390.63
81 6392.17
82 6390.52
83 6395.79
84 6394.71
85 6395.89
86 6396.70
87 6397.24
88 6397.94
89 6399.15
90 6402.89
91 6408.14
92 6406.73
93 6400.34
94 6393.76
95 6392.56
96 6395.59
97 6398.59
98 6399.40
99 6400.19
100 6398.13
101 6397.37
102 6408.70
103 6424.39
104 6456.64
105 6502.38
106 6503.57
107 6510.47
108 6504.52
109 6500.01
110 6492.83
111 6479.34
112 6474.08
113 6407.85
114 6261.90
115 6243.16
116 6242.21
117 6236.32
118 6237.39
119 6234.29
120 6232.91
121 6232.86
122 6231.57
123 6230.90
124 6231.98
125 6231.23
126 6230.60
127 6229.29
128 6228.94
129 6228.17
130 6226.67
131 6225.78
132 6223.92
133 6222.91
134 6222.26
135 6222.79
136 6221.35
137 6221.11
138 6222.40
139 6222.33
140 6223.83
141 6225.48
142 6225.74
143 6225.28
144 6225.73
145 6226.04
146 6225.44
147 6225.71
148 6226.00
149 6226.57
150 6227.17
151 6227.78
152 6228.75
153 6228.32
154 6228.91
155 6228.42
156 6227.56
157 6226.55
158 6225.09
159 6224.75
160 6222.85
161 6219.93
162 6217.32
163 6216.72
164 6213.57
165 6207.88
166 6206.56
167 6205.25
168 6202.17
169 6193.58
170 6190.31
171 6189.63
172 6190.89
173 6188.24
174 6183.16
175 6186.97
176 6185.29
177 6185.49
178 6167.15
179 6162.91
180 6167.69
181 6186.48
182 6154.43
183 6169.68
184 6177.83
185 6192.97
186 6198.27
187 6202.22
188 6199.89
189 6195.11
190 6182.84
191 6164.81
192 6115.81
193 6084.39
194 6083.88
195 6086.33
196 6092.30
197 6099.59
198 6102.83
199 6103.77
200 6100.01
201 6093.37
202 6094.15
203 6094.08
204 6097.68
205 6101.32
206 6095.13
207 6094.01
208 6090.60
209 6090.19
210 6090.55
211 6092.31
212 6095.83
213 6093.35
214 6088.38
215 6086.72
216 6083.99
217 6084.83
218 6084.26
219 6083.59
220 6080.72
221 6076.94
222 6075.17
223 6074.93
224 6075.41
225 6074.82
226 6069.05
227 6065.05
228 6059.73
229 6061.67
230 6057.34
231 6057.84
232 6058.05
233 6059.39
234 6058.78
235 6053.92
236 6052.66
237 6052.05
238 6060.01
239 6059.55
240 6064.65
241 6059.62
242 6120.77
243 6150.91
244 6154.81
245 6158.24
246 6165.32
247 6184.87
248 6184.99
249 6183.97
250 6178.19
251 6180.55
252 6162.45
253 5825.70
254 5831.90
255 5831.35
256 5835.23
257 5831.22
258 5829.62
259 5826.50
260 5827.01
261 5824.05
262 5825.30
263 5823.83
264 5824.50
265 5822.25
266 5820.97
267 5817.27
268 5815.57
269 5811.77
270 5812.44
271 5807.36
272 5807.14
273 5802.72
274 5803.46
275 5802.00
276 5802.65
277 5801.42
278 5802.86
279 5802.03
280 5800.76
281 5801.03
282 5802.53
283 5803.40
284 5804.14
285 5802.72
286 5806.42
287 5802.10
288 5819.57
289 5822.36
290 5824.29
291 5820.13
292 5821.84
293 5821.02
294 5817.30
295 5799.17
296 5817.74
297 5822.03
298 5822.08
299 5823.25
300 5821.62
301 5821.27
302 5818.16
303 5819.48
304 5817.41
305 5794.81
306 5744.33
307 5730.24
308 5723.49
309 5715.88
310 5713.16
311 5716.10
312 5716.00
313 5716.30
314 5717.02
315 5719.52
316 5719.75
317  0.00
318  0.00
319  0.00
320  0.00
321  0.00
322 5717.85
323 5717.71
324 5717.75
325 5716.95
326 5717.40
327 5716.61
328 5717.13
329 5717.21
330 5717.96
331 5716.97
332 5716.54
333 5716.90
334 5715.53
335 5716.76
336 5717.06
337 5721.37
338 5724.41
339 5718.37
340 5709.91
341 5704.68
342 5696.53
343 5691.83
344 5692.62
345 5694.08
346 5694.08
347 5697.06
348 5699.43
349 5704.11
350 5705.08
351 5708.84
352 5711.29
353 5731.54
354 5766.08
355 5795.53
356 5827.48
357 5825.32
358 5839.04
359 5835.87
360 5844.86
361 5845.10
362 5849.33
363 5846.31
364 5846.94
365 5846.57
366 5849.55
367 5852.55
368 5850.88
369 5850.04
370 5849.60
371 5850.24
372 5853.07
373 5851.90
374 5852.09
375 5852.69
376 5849.29
377 5849.02
378 5844.60
379 5842.49
380 5836.81
381 5892.50
382 6079.46
383 6099.27
384 6119.35
385 6113.16
386 6113.11
387 6107.12
388 6102.43
389 6099.53
390 6093.73
391 6089.66
392 6086.61
393 6083.24
394 6082.70
395 6078.86
396 6080.61
397 6080.26
398 6081.79
399 6081.77
400 6076.65
401 6091.05
402 6147.61
403 6179.44
404 6193.81
405 6236.95
406 6218.51
407 6214.38
408 6210.55
409 6211.17
410 6212.31
411 6214.68
412 6213.34
413 6212.15
414 6212.33
415 6212.24
416 6213.64
417 6212.42
418 6214.00
419 6213.37
420 6214.36
421 6213.79
422 6215.35
423 6214.74
424 6220.91
425 6232.58
426 6277.27
427 6323.34
428 6354.84
429 6354.91
430 6356.21
431 6358.64
432 6382.74
433 6398.71
434 6407.56
435 6411.43
436 6412.99
437 6415.19
438 6418.15
439 6417.13
440 6419.03
441 6420.86
442 6425.43
443 6425.87
444 6423.42
445 6421.06
446 6418.25
447 6417.20
448 6419.85
449 6423.74
450 6421.62
451 6420.72
452 6423.17
453 6421.36
454 6423.28
455 6410.73
456 6406.90
457 6405.87
458 6405.79
459 6412.69
460 6415.43
461 6416.69
462 6417.13
463 6419.55
464 6423.98
465 6422.25
466 6422.14
467 6421.20
468 6420.37
469 6417.54
470 6415.41
471 6414.80
472 6415.67
473 6416.42
474 6416.20
475 6418.18
476 6418.70
477 6407.36
478 6391.05
479 6371.60
480 6355.35
481  0.00
482  0.00
483  0.00
484  0.00
485  0.00
486  0.00
487  0.00
488  0.00
489 6384.38
490 6384.38
491 6392.06
492 6408.64
493 6393.26
494 6394.42
495 6399.55
496 6397.08
497 6395.69
498 6396.31
499 6396.65
500 6399.54
501 6387.07
502 6366.80
503 6190.47
504 6140.88
505 6123.01
506 6125.53
507 6123.01
508 6144.01
509 6156.41
510 6181.50
511 6196.54
512 6210.31
513 6202.82
514 6198.79
515 6196.61
516 6203.81
517 6204.19
518 6202.50
519 6197.89
520 6200.50
521 5855.70
522 5820.84
523 5828.17
524 5826.66
525 5834.77
526 5829.68
527 5831.80
528 5826.76
529 5830.30
530 5827.68
531 5832.20
532 5827.92
533 5833.19
534 5828.86
535 5845.46
536 5836.84
537 5857.72
538 5844.92
539 5864.90
540 5857.72
541 5854.61
542 6026.51
543 6068.74
544 6080.16
545 6087.41
546 6095.91
547 6094.99
548 6100.14
549 6106.08
550 6111.90
551 6112.46
552 6105.04
553 6109.37
554 6109.18
555 6135.30
556 6122.71
557 6130.47
558 6117.55
559 6140.46
560 6125.50
561 6127.93
562 6133.28
563 6147.50
564 6158.75
565 6155.86
566 6139.67
567 6148.49
568 6145.21
569 6148.71
570 6117.55
571 6127.33
572 6107.43
573 6120.33
574 6096.56
575 6096.97
576 6112.02
577 6123.01
578 6142.35
579 6123.01
580 6090.24
581 6112.02
582 6204.02
583 6204.37
584 6207.53
585 6207.88
586 6214.37
587 6214.26
588 6068.74
589 6074.25
590 6063.80
591 6089.54
592 6093.71
593 6126.71
594 6133.44
595 6167.69
596 6167.69
597 6179.32
598 6184.47
599 6200.47
600 6220.47
601 6239.47
602 6248.68
603 6195.14
604 5826.12
605 5824.36
606 5824.97
607 5826.92
608 5827.84
609 5828.38
610 5825.29
611 5824.67
612 5824.11
613 5825.10
614 5826.69
615 5828.85
616 5829.48
617 5831.38
618 5831.28
619 5833.89
620 5832.94
621 5831.94
622 5829.06
623 5828.02
624 5826.86
625 5825.89
626 5809.37
627 5790.44
628 5744.52
629 5727.86
630 5707.76
631 5708.34
632 5709.95
633 5712.50
634 5709.95
635 5711.41
636 5710.88
637 5710.95
638 5709.33
639 5709.41
640 5709.07
641 5709.13
642 5708.63
643 5707.49
644 5709.06
645 5710.81
646 5709.79
647 5709.30
648 5709.18
649 5710.16
650 5707.60
651 5708.43
652 5706.74
653 5709.80
654 5707.25
655 5709.47
656 5706.89
657 5709.57
658 5708.35
659 5708.70
660 5708.52
661 5708.69
662 5709.63
663 5708.40
664 5712.98
665 5713.13
666 5720.18
667 5717.45
668 5728.35
669 5730.77
670 5752.73
671 5819.48
672 5822.25
673 5824.42
674 5826.31
675 5826.39
676 5826.50
677 5817.59
678 5811.88
679 5807.00
680 5803.44
681 5756.28
682 5718.34
683 5707.71
684 5696.55
685 5701.66
686 5698.67
687 5705.69
688 5704.51
689 5714.87
690 5669.65
691 5554.74
692 5511.97
693 5504.63
694 5508.75
695 5522.50
696 5554.74
697 5686.83
698 5693.10
699 5696.23
700 5700.35
701 5710.19
702 5714.19
703 5714.71
704 5713.50
705 5715.48
706 5716.85
707 5716.91
708 5716.68
709 5715.58
710 5713.44
711 5713.29
712 5711.92
713 5711.14
714 5709.38
715 5709.45
716 5710.00
717 5709.65
718 5711.70
719 5712.93
720 5713.06
721 5713.55
722 5714.42
723 5716.01
724 5716.57
725 5716.95
726 5715.29
727 5714.23
728 5712.31
729 5710.59
730 5710.89
731 5709.02
732 5710.77
733 5706.32
734 5705.49
735 5697.32
736 5701.66
737 5700.68
738 5701.98
739 5701.63
740 4506.82
741 4511.96
742 4512.86
743 4517.46
744 4513.23
745 4516.08
746 4515.62
747 4517.80
748 4521.33
749 4514.90
750 4508.10
751 4512.54
752 4513.15
753 4516.85
754 4513.36
755 4513.76
756 4518.77
757 4517.58
758 4515.62
759 4511.23
760 4515.70
761 4516.96
762 4519.33
763 4511.14
764 4509.56
765 4515.87
766 4511.39
767 4522.02
768 4509.18
769 4518.27
770 4507.25
771 4520.09
772 4516.96
773 4715.49
774  0.00
775  0.00
776  0.00
777  0.00
778  0.00
779  0.00
780  0.00
781  0.00
782  0.00
783  0.00
784  0.00
785  0.00
786  0.00
787  0.00
788  0.00
789  0.00
790  0.00
791  0.00
792  0.00
793  0.00
794  0.00
795  0.00
796  0.00
797  0.00
798  0.00
799  0.00
800  0.00
801  0.00
802  0.00
803  0.00
804  0.00
805  0.00
806  0.00
807  0.00
808  0.00
809  0.00
810  0.00
811  0.00
812  0.00
813  0.00
814  0.00
815  0.00
816  0.00
817  0.00
818  0.00
819  0.00
820  0.00
821  0.00
822  0.00
823  0.00
824  0.00
825  0.00
826  0.00
827  0.00
828  0.00
829  0.00
830  0.00
831  0.00
832  0.00
833  0.00
834  0.00
835  0.00
836  0.00
837 5749.81
838 5746.38
839 5738.88
840 5732.58
841 5723.80
842 5730.77
843 5735.15
844 5736.30
845 5733.35
846 5730.65
847 5731.30
848 5731.13
849 5729.97
850 5728.98
851 5728.80
852 5728.67
853 5728.72
854 5728.58
855 5728.19
856 5727.98
857 5727.86
858 5727.95
859 5727.76
860 5727.47
861 5727.62
862 5728.11
863 5728.19
864 5728.26
865 5728.09
866 5728.07
867 5727.39
868 5725.70
869 5723.44
870 5721.34
871 5720.24
872 5719.54
873 5718.84
874 5718.47
875 5718.24
876 5718.54
877 5718.27
878 5718.45
879 5718.84
880 5719.34
881 5718.88
882 5718.47
883 5719.97
884 5715.98
885 5714.85
886 5709.93
887 5719.48
888 5730.13
889 5725.74
890 5721.12
891 5715.55
892 5716.48
893 5719.88
894 5725.13
895 5722.69
896 5721.14
897 5717.63
898 5712.44
899 5711.19
900 5711.73
901 5713.43
902 5711.10
903 5710.15
904 5710.45
905 5709.48
906 5708.82
907 5708.10
908 5708.88
909 5709.86
910 5709.94
911 5709.61
912 5710.32
913 5711.42
914 5712.71
915 5713.47
916 5715.83
917 5717.34
918 5718.60
919 5718.65
920 5719.02
921 5719.52
922 5719.52
923 5718.67
924 5717.50
925 5716.52
926 5715.55
927 5714.46
928 5713.48
929 5712.91
930 5712.55
931 5712.01
932 5711.60
933 5711.23
934 5710.91
935 5709.71
936 5708.60
937 5707.14
938 5705.47
939 5703.45
940 5701.11
941 5698.99
942 5696.01
943 5694.15
944 5696.09
945 5698.49
946 5698.18
947 5698.76
948 5696.52
949 5699.05
950 5696.69
951 5695.71
952 5693.68
953 5697.73
954 5700.62
955 5699.27
956 5699.04
957 5700.75
958 5704.06
959 5707.97
960 5706.30
961 5711.54
962 5708.49
963 5712.24
964 5713.01
965 5719.78
966 5720.56
967 5717.44
968 5709.64
969 5713.50
970 5709.90
971 5716.45
972 5717.60
973 5720.79
974 5715.47
975 5706.71
976 5711.47
977 5714.86
978 5718.42
979 5716.84
980 5715.99
981 5711.90
982 5714.43
983 5713.81
984 5715.65
985 5709.63
986 5708.29
987 5705.28
988 5708.26
989 5711.31
990 5713.43
991 5711.14
992 5709.80
993 5708.04
994 5708.86
995 5709.72
996 5717.79
997 5709.56
998 5708.49
999 5705.81
1000 5738.91
1001 5746.93
1002 5749.65
1003 5750.23
1004 5752.71
1005 5779.60
1006 5819.47
1007 5820.43
1008 5835.68
1009 5832.50
1010 5836.50
1011 5828.05
1012 5833.25
1013 5828.59
1014 5833.31
1015 5830.60
1016 5833.65
1017 5832.96
1018 5833.37
1019 5834.38
1020 5833.28
1021 5832.95
1022 5831.04
1023 5831.40
1024 5830.98
1025 5834.18
1026 5833.73
1027 5833.05
1028 5824.43
1029 5893.21
1030 6112.42
1031 6102.71
1032 6097.50
1033 6094.66
1034 6102.11
1035 6101.78
1036 6099.47
1037 6088.39
1038 6079.95
1039 6079.04
1040 6075.19
1041 6078.78
1042 6079.19
1043 6082.58
1044 6083.47
1045 6091.46
1046 6112.02
1047 6347.89
1048 6374.24
1049 6386.88
1050 6393.92
1051 6403.85
1052 6410.47
1053 6415.75
1054 6419.00
1055 6405.20
1056 6272.65
1057 6244.33
1058 6238.87
1059 6231.00
1060 6228.93
1061 6228.57
1062 6229.87
1063 6228.16
1064 6228.18
1065 6229.05
1066 6228.00
1067 6227.97
1068 6226.77
1069 6227.68
1070 6225.66
1071 6228.12
1072 6226.68
1073 6228.40
1074 6232.30
1075 6239.33
1076 6244.32
1077 6243.04
1078 6271.68
1079 6286.06
1080 6407.21
1081 6431.71
1082 6430.82
1083 6430.96
1084 6422.98
1085 6433.65
1086 6433.76
1087 6433.36
1088 6428.04
1089 6428.42
1090 6432.93
1091 6435.10
1092 6433.26
1093 6438.75
1094 6452.00
1095 6481.50
1096 6499.36
1097 6516.46
1098 6520.56
1099 6522.09
1100 6522.28
1101 6533.97
1102 6535.82
1103 6525.88
1104 6510.32
1105 6513.06
1106 6503.82
1107 6463.08
1108 6448.07
1109 6449.72
1110 6445.60
1111 6440.59
1112 6436.51
1113 6431.85
1114 6427.11
1115 6432.29
1116 6436.12
1117 6434.06
1118 6443.21
1119 6455.78
1120 6484.56
1121 6509.55
1122 6507.31
1123 6514.33
1124 6511.17
1125 6523.14
1126 6517.30
1127 6524.87
1128 6506.24
1129 6504.64
1130 6346.33
1131 6245.57
1132 6241.51
1133 6229.37
1134 6227.74
1135 6227.57
1136 6229.30
1137 6228.97
1138 6226.12
1139 6227.13
1140 6227.06
1141 6225.19
1142 6226.80
1143 6226.41
1144 6227.53
1145 6226.27
1146 6227.84
1147 6227.44
1148 6227.57
1149 6232.73
1150 6240.41
1151 6254.42
1152 6284.71
1153 6236.35
1154 6245.42
1155 6250.74
1156 6237.61
1157 6225.11
1158 6222.85
1159 6226.24
1160 6225.14
1161 6222.88
1162 6222.57
1163 6220.60
1164 6221.16
1165 6223.09
1166 6223.51
1167 6223.72
1168 6223.25
1169 6223.76
1170 6222.93
1171 6224.10
1172 6224.61
1173 6225.35
1174 6223.78
1175 6222.34
1176 6220.48
1177 6216.52
1178 6213.38
1179 6208.76
1180 6202.97
1181 6195.18
1182 6187.99
1183 6177.75
1184 6168.20
1185 6162.02
1186 6164.12
1187 6148.17
1188 6135.42
1189 6121.46
1190 6116.71
1191 6104.67
1192 6107.03
1193 6105.35
1194 6110.52
1195 6109.86
1196 6100.70
1197 6086.24
1198 6075.19
1199 6082.66
1200 6122.78
1201 6154.36
1202 6176.26
1203 6188.45
1204 6187.31
1205 6180.06
1206 6168.75
1207 6167.27
1208 6167.69
1209 5820.28
1210 5826.16
1211 5825.08
1212 5835.41
1213 5830.69
1214 5832.50
1215 5827.30
1216 5827.97
1217 5829.22
1218 5829.86
1219 5832.06
1220 5830.15
1221 5831.24
1222 5828.10
1223 5837.70
1224 5837.96
1225 5840.41
1226 5825.44
1227 5827.20
1228 5821.64
1229 5740.98
1230 5717.69
1231 5708.59
1232 5704.05
1233 5703.50
1234 5707.19
1235 5708.67
1236 5708.48
1237 5708.29
1238 5710.00
1239 5710.13
1240 5710.61
1241 5710.06
1242 5711.82
1243 5712.87
1244 5713.51
1245 5716.03
1246 5738.48
1247 5763.07
1248 5785.05
1249 5798.78
1250 5811.05
1251 5812.03
1252 5817.73
1253 5816.59
1254 5818.67
1255 5814.27
1256 5820.94
1257 5819.72
1258 5818.87
1259 5813.95
1260 5813.00
1261 5816.11
1262 5811.98
1263 5809.18
1264 5803.03
1265 5804.19
1266 5798.88
1267 5856.67
1268 6068.74
1269 6085.36
1270 6096.19
1271 6097.16
1272 6099.71
1273 6103.11
1274 6098.42
1275 6096.68
1276 6099.87
1277 6112.28
1278 6107.97
1279 6104.49
1280 6098.86
1281 6098.91
1282 6117.80
1283 6155.78
1284 6178.66
1285 6187.85
1286 6169.66
1287 6238.49
1288 6224.25
1289 6219.18
1290 6213.55
1291 6210.58
1292 6210.75
1293 6212.43
1294 6213.02
1295 6211.02
1296 6208.53
1297 6208.31
1298 6209.74
1299 6209.21
1300 6208.63
1301 6207.98
1302 6209.31
1303 6209.85
1304 6209.41
1305 6209.03
1306 6209.69
1307 6209.55
1308 6209.47
1309 6208.19
1310 6209.34
1311 6209.89
1312 6208.53
1313 6209.25
1314 6209.34
1315 6210.24
1316 6208.96
1317 6209.30
1318 6209.14
1319 6210.61
1320 6206.97
1321 6210.84
1322 6207.83
1323 6210.64
1324 6205.24
1325 6208.43
1326 6206.49
1327 6205.59
1328 6209.07
1329 6218.70
1330 6228.81
1331 6229.64
1332 6228.09
1333 6226.59
1334 6225.39
1335 6227.53
1336 6227.30
1337 6228.31
1338 6223.92
1339 6221.49
1340 6217.94
1341 6216.24
1342 6214.47
1343 6213.91
1344 6214.23
1345 6213.06
1346 6209.71
1347 6209.55
1348 6206.41
1349 6205.35
1350 6203.42
1351 6203.99
1352 6203.14
1353 6204.11
1354 6204.33
1355 6207.35
1356 6211.16
1357 6216.39
1358 6219.95
1359 6221.49
1360 6221.39
1361 6220.89
1362 6218.67
1363 6219.76
1364 6221.83
1365 6224.59
1366 6222.93
1367 6222.83
1368 6218.45
1369 6217.15
1370 6212.09
1371 6209.98
1372 6207.07
1373 6205.19
1374 6210.28
1375 6226.21
1376 6226.42
1377 6233.65
1378 6235.01
1379 6239.66
1380 6243.18
1381 6246.87
1382 6250.95
1383 6244.03
1384 6240.33
1385 6234.93
1386 6229.02
1387 6225.14
1388 6221.52
1389 6218.29
1390 6212.70
1391 6208.91
1392 6211.12
1393 6212.96
1394 6212.84
1395 6212.79
1396 6216.89
1397 6213.82
1398 6214.81
1399 6217.48
1400 6224.27
1401 6233.64
1402 6225.21
1403 6247.51
1404 6247.06
1405 6284.71
1406 6272.65
1407 6272.65
1408 6272.65
1409 6173.76
1410 6109.00
1411 6145.21
1412 6167.69
1413 6167.69
1414 6101.10
1415 6123.01
1416 6167.69
1417 6225.21
1418 6213.56
1419 6211.24
1420 6208.51
1421 5837.81
1422 5819.68
1423 5828.29
1424 5820.28
1425 5820.28
1426 5783.34
1427 5783.34
1428 5783.64
1429 5801.87
1430 5811.24
1431 5828.62
1432 5820.33
1433 5820.76
1434 5822.69
1435 5824.63
1436 5829.35
1437 5829.00
1438 5831.41
1439 5827.94
1440 5830.96
1441 5828.11
1442 5831.61
1443 5757.36
1444 5735.43
1445 5718.64
1446 5713.77
1447 5707.04
1448 5711.11
1449 5708.73
1450 5710.67
1451 5712.43
1452 5712.39
1453 5711.85
1454 5711.04
1455 5712.81
1456 5711.44
1457 5711.94
1458 5711.91
1459 5717.43
1460 5710.39
1461 5712.75
1462 5712.45
1463 5730.10
1464 3813.96
1465 3814.02
1466 3812.52
1467 3815.37
1468 3815.30
1469 3813.20
1470 3809.16
1471 3811.15
1472 3816.19
1473 3813.32
1474 3808.54
1475 3813.10
1476 3814.79
1477 3817.11
1478 3811.26
1479 3812.04
1480 3810.71
1481 3811.28
1482 3815.89
1483 3822.83
1484 3821.26
1485 3811.76
1486 3809.72
1487 3813.04
1488 3817.27
1489 3811.35
1490 3808.30
1491 3810.56
1492 3809.97
1493 3806.05
1494 3807.67
1495 3803.95
1496 3803.95
1497 3799.75
1498 3808.68
1499 3812.82
1500 3813.81
1501 3797.41
1502 3813.56
1503  0.00
1504  0.00
1505  0.00
1506  0.00
1507  0.00
1508  0.00
1509  0.00
1510  0.00
1511  0.00
1512  0.00
1513  0.00
1514  0.00
1515  0.00
1516  0.00
1517  0.00
1518  0.00
1519  0.00
1520  0.00
1521  0.00
1522  0.00
1523  0.00
1524  0.00
1525  0.00
1526  0.00
1527  0.00
1528  0.00
1529  0.00
1530  0.00
1531  0.00
1532  0.00
1533  0.00
1534  0.00
1535  0.00
1536  0.00
1537  0.00
1538  0.00
1539  0.00
1540  0.00
1541  0.00
1542  0.00
1543  0.00
1544  0.00
1545  0.00
1546  0.00
1547  0.00
1548  0.00
1549  0.00
1550  0.00
1551  0.00
1552  0.00
1553  0.00
1554  0.00
1555  0.00
1556  0.00
1557  0.00
1558  0.00
1559  0.00
1560  0.00
1561  0.00
1562 6090.24
1563 6093.82
1564 6091.84
1565 6093.12
1566 6093.43
1567 6093.85
1568 6094.62
1569 6094.27
1570 6094.70
1571 6093.82
1572 6093.01
1573 6094.18
1574 6093.79
1575 6094.38
1576 6094.07
1577 6093.06
1578 6090.28
1579 6089.70
1580 6090.48
1581 6091.81
1582 6090.56
1583 6087.94
1584 6087.96
1585 6089.65
1586 6105.25
1587 6153.46
1588 6190.47
1589 6201.92
1590 6213.56
1591 6146.98
1592 6181.37
1593 6193.30
1594 6207.09
1595 6207.97
1596 6208.95
1597 6212.00
1598 6216.05
1599 6212.16
1600 6212.51
1601 6214.11
1602 6216.62
1603 6214.49
1604 6216.39
1605 6216.10
1606 6216.84
1607 6215.90
1608 6216.24
1609 6216.05
1610 6217.39
1611 6216.59
1612 6217.60
1613 6216.68
1614 6216.71
1615 6216.22
1616 6216.61
1617 6216.77
1618 6217.35
1619 6217.32
1620 6218.19
1621 6217.75
1622 6217.91
1623 6217.03
1624 6217.38
1625 6215.88
1626 6214.91
1627 6210.77
1628 6204.92
1629 6195.10
1630 6183.77
1631 6180.19
1632 6186.97
1633 6199.22
1634 6204.06
1635 6204.42
1636 6203.08
1637 6208.57
1638 6206.89
1639 6201.22
1640 6195.88
1641 6202.36
1642 6217.03
1643 6228.53
1644 6211.84
1645 6206.04
1646 6207.93
1647 6204.44
1648 6202.27
1649 6202.12
1650 6205.29
1651 6220.53
1652 6215.31
1653 6224.49
1654 6201.98
1655 6167.69
1656 6036.97
1657 6036.97
1658  0.00
1659  0.00
1660  0.00
1661  0.00
1662  0.00
1663  0.00
1664  0.00
1665  0.00
1666  0.00
1667  0.00
1668  0.00
1669  0.00
1670  0.00
1671  0.00
1672  0.00
1673  0.00
1674 6208.93
1675 6211.75
1676 6199.52
1677 6197.25
1678 6200.73
1679 6201.57
1680 6186.58
1681 6120.83
1682 6111.41
1683 6115.82
1684 6114.68
1685 6118.16
1686 6117.66
1687 6118.08
1688 6113.62
1689 6107.13
1690 6103.79
1691 6104.73
1692 6107.94
1693 6109.40
1694 6107.30
1695 6102.81
1696 6102.58
1697 6105.17
1698 6108.93
1699 6109.46
1700 6111.84
1701 6124.01
1702 6153.44
1703 6157.44
1704 6308.76
1705 6213.81
1706 6215.57
1707 6220.46
1708 6221.39
1709 6222.33
1710 6219.74
1711 6219.21
1712 6216.41
1713 6215.48
1714 6215.82
1715 6218.13
1716 6217.55
1717 6216.60
1718 6216.04
1719 6216.52
1720 6217.13
1721 6217.87
1722 6217.72
1723 6218.84
1724 6219.32
1725 6220.02
1726 6220.13
1727 6220.66
1728 6219.72
1729 6219.24
1730 6220.24
1731 6214.35
1732 6204.44
1733 6189.97
1734 6179.08
1735 6166.27
1736 6145.90
1737 6133.89
1738 6131.36
1739 6131.12
1740 6127.45
1741 6128.46
1742 6127.85
1743 6137.73
1744 6154.19
1745 6181.91
1746 6184.85
1747 6186.77
1748 6196.77
1749 6208.51
1750 6215.43
1751 6215.48
1752 6227.13
1753 6259.86
1754 5845.33
1755 5829.79
1756 5838.90
1757 5839.60
1758 5829.93
1759 5821.98
1760 5817.24
1761 5826.83
1762 5826.05
1763 5823.96
1764 5823.29
1765 5823.26
1766 5828.49
1767 5825.25
1768 5826.30
1769 5834.60
1770 5829.49
1771 5848.28
1772 5837.88
1773 6090.16
1774 6101.26
1775 6096.63
1776 6097.89
1777 6098.81
1778 6103.16
1779 6105.31
1780 6104.47
1781 6105.86
1782 6106.79
1783 6116.66
1784 6129.19
1785 6145.33
1786 6159.51
1787 6177.96
1788  0.00
1789  0.00
1790  0.00
1791  0.00
1792  0.00
1793 6384.38
1794 6238.49
1795 6219.81
1796 6221.82
1797 6223.39
1798 6224.18
1799 6224.17
1800 6224.50
1801 6225.27
1802 6223.31
1803 6223.40
1804 6224.20
1805 6224.31
1806 6224.27
1807 6225.51
1808 6225.35
1809 6222.75
1810 6219.18
1811 6217.56
1812 6217.47
1813 6247.19
1814 6258.42
1815 6380.28
1816 6423.93
1817 6442.29
1818 6441.53
1819 6442.53
1820 6445.09
1821 6443.25
1822 6438.53
1823 6433.05
1824 6437.09
1825 6434.01
1826 6420.95
1827 6420.11
1828 6415.44
1829 6417.88
1830 6413.96
1831 6412.99
1832 6417.76
1833 6432.79
1834 6438.71
1835 6446.72
1836 6449.18
1837 6445.79
1838 6456.88
1839 6454.65
1840 6456.49
1841 6439.66
1842 6441.85
1843 6420.88
1844 6421.61
1845 6409.99
1846 6409.77
1847 6415.30
1848 6414.38
1849 6421.28
1850 6427.35
1851 6425.58
1852 6425.10
1853 6425.66
1854 6440.09
1855 6449.85
1856 6469.33
1857 6502.04
1858 6510.12
1859 6506.61
1860 6510.78
1861 6510.63
1862 6501.61
1863 6495.03
1864 6489.59
1865 6511.50
1866 6512.71
1867 6504.86
1868 6378.35
1869 6201.98
1870 6213.56
1871 6224.22
1872 6238.08
1873 6237.59
1874 6243.98
1875 6284.71
1876 6309.10
1877 6365.30
1878 6397.82
1879 6399.14
1880 6384.93
1881 6368.35
1882 6341.97
1883 6312.43
1884 6163.95
1885 6113.98
1886 6105.57
1887 6105.61
1888 6106.41
1889 6116.39
1890 6116.38
1891 6120.93
1892 6122.91
1893 6131.98
1894 6155.73
1895 6187.95
1896 6186.99
1897 6188.76
1898 6190.67
1899 6196.33
1900 6188.54
1901 6190.47
1902 6185.92
1903 6213.56
1904 5857.72
1905 5857.72
1906 5846.56
1907 5852.65
1908 5838.61
1909 5838.13
1910 5845.40
1911 5849.66
1912 5852.19
1913 5847.93
1914 5838.45
1915 5891.61
1916 6005.78
1917 6090.24
1918 6101.10
1919 6100.46
1920 6112.02
1921 6108.46
1922 6109.84
1923 6103.70
1924 6098.95
1925 6096.65
1926 6094.83
1927 6098.12
1928 6097.67
1929 6099.44
1930 6104.22
1931 6112.54
1932 6126.13
1933 6139.18
1934 6150.19
1935 6157.71
1936 6163.21
1937 6159.59
1938 6151.77
1939 6143.32
1940 6129.26
1941 6109.61
1942 6101.18
1943 6108.83
1944 6109.66
1945 6112.47
1946 6113.35
1947 6116.08
1948 6112.12
1949 6111.26
1950 6113.46
1951 6124.30
1952 6118.94
1953 6153.44
1954 6183.09
1955 6200.17
1956 6199.32
1957 6195.95
1958 6199.55
1959 6205.87
1960 6209.61
1961 6208.38
1962 6203.46
1963 6187.73
1964 6181.62
1965 6156.41
1966 5867.20
1967 5830.07
1968 5827.77
1969 5824.30
1970 5825.00
1971 5819.61
1972 5819.42
1973 5816.30
1974 5819.97
1975 5818.70
1976 5822.76
1977 5819.65
1978 5807.96
1979 5793.19
1980 5769.38
1981 5754.59
1982 5764.75
1983 5767.24
1984 5767.39
1985 5778.49
1986 5786.55
1987 5800.92
1988 5801.94
1989 5801.87
1990 5764.14
1991 5506.83
1992 5498.65
1993 5504.44
1994 5507.11
1995 5503.07
1996 5501.47
1997 5499.80
1998 5512.36
1999 5562.70
2000 5729.61
2001 5732.53
2002 5731.07
2003 5726.90
2004 5730.49
2005 5731.35
2006 5730.51
2007 5728.83
2008 5726.75
2009 5728.29
2010 5729.24
2011 5729.05
2012 5732.06
2013 5729.72
2014 5731.35
2015 5730.41
2016 5730.38
2017 5730.36
2018 5725.44
2019 5726.10
2020 5722.52
2021 5722.76
2022 5718.79
2023 5717.88
2024 5718.68
2025 5717.51
2026 5721.32
2027 5718.67
2028 5723.09
2029 5722.37
2030 5724.89
2031 5724.11
2032 5723.34
2033 5727.29
2034 5724.48
2035 5727.51
2036 5721.13
2037 5726.17
2038 5721.77
2039 5723.30
2040 5719.48
2041 5720.86
2042 5725.02
2043 5722.34
2044 5727.17
2045 5726.23
2046 5728.10
2047 5728.94
2048 5723.40
2049 5730.83
2050 5719.76
2051 5730.58
2052 5723.70
2053 5723.45
2054 5717.75
2055 5718.25
2056 5719.32
2057 5713.45
2058 5712.99
2059 5712.92
2060 5722.53
2061 5718.44
2062 5720.14
2063 5718.32
2064 5724.09
2065 5721.31
2066 5720.67
2067 5721.26
2068 5720.16
2069 5722.13
2070 5720.46
2071 5730.10
2072 5713.91
2073 5712.88
2074  0.00
2075  0.00
2076  0.00
2077  0.00
2078  0.00
2079  0.00
2080  0.00
2081  0.00
2082  0.00
2083  0.00
2084  0.00
2085  0.00
2086  0.00
2087  0.00
2088  0.00
2089  0.00
2090  0.00
2091  0.00
2092  0.00
2093  0.00
2094  0.00
2095  0.00
2096  0.00
2097  0.00
2098  0.00
2099  0.00
2100  0.00
2101  0.00
2102  0.00
2103  0.00
2104  0.00
2105  0.00
2106  0.00
2107  0.00
2108  0.00
2109  0.00
2110  0.00
2111  0.00
2112  0.00
2113  0.00
2114  0.00
2115  0.00
2116 5996.12
2117 5996.12
2118 5996.12
2119 5720.30
2120 5722.97
2121 5715.58
2122 5716.41
2123 5717.30
2124 5722.81
2125 5723.69
2126 5721.65
2127 5718.38
2128 5716.57
2129 5717.92
2130 5718.30
2131 5718.98
2132 5719.23
2133 5718.77
2134 5718.19
2135 5717.47
2136 5717.52
2137 5716.78
2138 5716.27
2139 5715.58
2140 5715.11
2141 5714.88
2142 5715.28
2143 5715.16
2144 5714.54
2145 5713.53
2146 5712.89
2147 5713.80
2148 5719.25
2149 5727.29
2150 5734.82
2151 5755.99
2152 5782.14
2153 5795.81
2154 5804.38
2155 5801.11
2156 5804.49
2157 5808.01
2158 5808.16
2159 5817.64
2160 5784.78
2161 5757.68
2162 5737.16
2163 5728.00
2164 5725.76
2165 5721.24
2166 5723.94
2167 5718.40
2168 5721.66
2169 5716.06
2170 5719.56
2171 5718.01
2172 5720.11
2173 5721.18
2174 5720.21
2175 5719.76
2176 5717.96
2177 5717.77
2178 5717.15
2179 5717.34
2180 5718.76
2181 5725.01
2182 5729.74
2183 5736.63
2184 5756.07
2185 5788.23
2186 5817.91
2187 5812.15
2188 5811.02
2189 5809.13
2190 5809.77
2191 5812.87
2192 5813.86
2193 5814.68
2194 5814.69
2195 5814.21
2196 5817.15
2197 5814.61
2198 5813.83
2199 5816.19
2200 5819.80
2201 5817.93
2202 5818.11
2203 5818.03
2204 5818.71
2205 5818.93
2206 5820.37
2207 5818.98
2208 5819.79
2209 5819.97
2210 5820.78
2211 5818.48
2212 5820.04
2213 5819.57
2214 5838.90
2215 5915.43
2216 4915.51
2217 4920.50
2218 4924.36
2219 4926.30
2220 4922.32
2221 4923.88
2222 4922.79
2223 4915.45
2224 4909.19
2225 5133.39
2226  0.00
2227  0.00
2228  0.00
2229  0.00
2230  0.00
2231  0.00
2232  0.00
2233  0.00
2234  0.00
2235  0.00
2236  0.00
2237  0.00
2238 4628.46
2239 4623.97
2240 4627.52
2241 4623.15
2242 4623.96
2243 4618.35
2244 4621.24
2245 4626.77
2246 4639.73
2247 4921.99
2248 4919.53
2249 4914.58
2250 4914.09
2251 4914.88
2252 6108.91
2253 6108.91
2254 6105.11
2255 6103.89
2256 6101.06
2257 6102.01
2258 6097.75
2259 6091.63
2260 6086.46
2261 6084.25
2262 6084.71
2263 6083.41
2264 6082.54
2265 6082.11
2266 6083.08
2267 6083.86
2268 6079.04
2269 6079.84
2270 6085.90
2271 6112.09
2272 6140.97
2273 6186.32
2274 6204.27
2275 6210.14
2276 6211.74
2277 6206.91
2278 6204.50
2279 6198.22
2280 6194.66
2281 6184.90
2282 6102.13
2283 6085.43
2284 6082.09
2285 6088.53
2286 6092.28
2287 6091.27
2288 6095.06
2289 6089.27
2290 6094.88
2291 6090.13
2292 6093.32
2293 6094.75
2294 6095.27
2295 6094.30
2296 6092.74
2297 6094.21
2298 6091.87
2299 6091.74
2300 6090.75
2301 6092.14
2302 6105.04
2303 6136.03
2304 6165.04
2305 6198.43
2306 6209.18
2307 6213.57
2308 6217.27
2309 6216.65
2310 6215.02
2311 6212.93
2312 6209.96
2313 6208.82
2314 6210.63
2315 6212.41
2316 6209.98
2317 6208.73
2318 6208.73
2319 6209.73
2320 6208.17
2321 6206.66
2322 6206.86
2323 6210.36
2324 6209.71
2325 6214.62
2326 6213.04
2327 6218.20
2328 6213.94
2329 6215.12
2330 6212.37
2331 6213.23
2332 6212.93
2333 6212.38
2334 6210.08
2335 6211.12
2336 6207.94
2337 6210.77
2338 6210.40
2339 6214.65
2340 6219.03
2341 6221.73
2342 6225.06
2343 6226.11
2344 6225.14
2345 6225.26
2346 6225.08
2347 6220.93
2348 6218.69
2349 6215.52
2350 6213.94
2351 6210.94
2352 6210.06
2353 6207.63
2354 6210.83
2355 6207.72
2356 6212.83
2357 6213.43
2358 6219.04
2359 6219.31
2360 6222.65
2361 6221.05
2362 6224.37
2363 6221.16
2364 6223.36
2365 6215.86
2366 6217.90
2367 6212.91
2368 6215.70
2369 6211.67
2370 6213.66
2371 6211.61
2372 6213.90
2373 6212.49
2374 6218.29
2375 6217.37
2376 6220.86
2377 6218.39
2378 6219.26
2379 6216.70
2380 6218.48
2381 6216.21
2382 6216.13
2383 6212.86
2384 6214.06
2385 6210.72
2386 6210.72
2387 6206.06
2388 6210.16
2389 6205.96
2390 6212.40
2391 6205.99
2392 6212.15
2393 6208.77
2394 6212.32
2395 6208.38
2396 6205.35
2397 6204.56
2398 6209.79
2399 6219.31
2400 6220.47
2401 6211.14
2402 6200.94
2403 6213.56
2404 6213.56
2405 5503.68
2406 5510.37
2407 5509.55
2408 5510.57
2409 5510.51
2410 5510.51
2411 5697.55
2412 5737.73
2413 5732.49
2414 5724.95
2415 5726.39
2416 5730.63
2417 5732.67
2418 5730.74
2419 5727.85
2420 5724.92
2421 5725.29
2422 5726.03
2423 5725.44
2424 5726.11
2425 5726.14
2426 5725.94
2427 5724.54
2428 5724.18
2429 5724.27
2430 5725.19
2431 5726.04
2432 5728.13
2433 5727.62
2434 5727.21
2435 5726.37
2436 5728.34
2437 5728.29
2438 5726.59
2439 5724.79
2440 5725.41
2441 5726.32
2442 5725.24
2443 5724.50
2444 5725.16
2445 5725.30
2446 5723.46
2447 5721.29
2448 5720.99
2449 5720.36
2450 5719.33
2451 5714.94
2452 5714.59
2453 5714.84
2454 5713.26
2455 5702.98
2456 5693.86
2457 5696.97
2458 5711.17
2459 5712.63
2460 5731.42
2461 5726.22
2462 5730.10
2463 5709.12
2464 5721.48
2465 5229.56
2466 5234.53
2467 5234.83
2468 5236.14
2469 5237.95
2470 5263.08
2471 5271.34
2472 5285.95
2473 5279.72
2474 5292.99
2475 5277.86
2476 5290.14
2477 5236.45
2478 5036.95
2479 5025.21
2480 5020.89
2481 5026.94
2482 5026.41
2483 5028.83
2484 5026.69
2485 5023.21
2486 5021.28
2487 5048.77
2488 5182.18
2489 5214.17
2490 5225.79
2491 5226.41
2492 5224.53
2493 5218.52
2494 5212.57
2495 5209.34
2496 5193.71
2497 4990.47
2498 4912.02
2499 4903.76
2500 4901.61
2501 4914.73
2502 4918.33
2503 4928.19
2504 4934.06
2505 4959.99
2506 4997.85
2507 4999.12
2508 4996.72
2509 4998.29
2510 4998.09
2511 4987.01
2512 4979.04
2513 4956.41
2514 4985.36
2515 5848.54
2516 5848.54
2517 5848.07
2518 5849.46
2519 5849.66
2520 5847.55
2521 5849.89
2522 5848.28
2523 5847.55
2524 5846.13
2525 5853.43
2526 5847.82
2527 5848.53
2528 6134.07
2529 6103.23
2530 6107.35
2531 6108.47
2532 6111.84
2533 6110.26
2534 6113.05
2535 6115.34
2536 6116.07
2537 6111.83
2538 6110.64
2539 6111.75
2540 6112.94
2541 6113.15
2542 6112.53
2543 6113.87
2544 6115.11
2545 6122.39
2546 6185.78
2547 6208.79
2548 6213.55
2549 6216.00
2550 6216.36
2551 6217.03
2552 6219.51
2553 6220.56
2554 6218.49
2555 6218.97
2556 6218.34
2557 6218.49
2558 6218.84
2559 6219.84
2560 6219.96
2561 6219.92
2562 6219.65
2563 6220.49
2564 6220.50
2565 6220.95
2566 6221.75
2567 6222.80
2568 6222.61
2569 6222.67
2570 6223.63
2571 6222.83
2572 6222.56
2573 6217.35
2574 6213.30
2575 6206.57
2576 6198.41
2577 6181.95
2578 6169.21
2579 6162.72
2580 6123.01
2581 6134.61
2582 6156.41
2583 6182.00
2584 6188.78
2585 6169.31
2586 6177.97
2587 6201.98
2588 6248.77
2589 6236.95
2590 6047.50
2591 5915.43
2592 5886.33
2593 5857.72
2594 5853.96
2595  0.00
2596  0.00
2597  0.00
2598  0.00
2599  0.00
2600  0.00
2601  0.00
2602  0.00
2603  0.00
2604 5798.44
2605 5772.88
2606 5749.41
2607 5754.94
2608 5761.49
2609 5764.14
2610 5773.14
2611 5795.00
2612 5798.00
2613 5815.11
2614 5806.97
2615 5799.66
2616 5792.73
2617 5773.64
2618 5820.28
2619 5797.46
2620 5801.87
2621 5801.87
2622 5792.73
2623 5792.73
2624 5792.73
2625 5792.73
2626 5693.23
2627 5729.49
2628 5730.13
2629 5728.56
2630 5729.89
2631 5732.09
2632 5731.72
2633 5730.68
2634 5728.76
2635 5728.82
2636 5729.63
2637 5729.18
2638 5731.35
2639 5729.92
2640 5733.01
2641 5730.04
2642 5734.53
2643 5730.93
2644 5732.82
2645 5731.07
2646 5732.18
2647 5731.58
2648 5728.70
2649 5731.49
2650 5730.01
2651 5733.78
2652 5729.95
2653 5734.89
2654 5732.92
2655 5734.28
2656 5728.05
2657 5732.58
2658 5731.59
2659 5733.68
2660 5726.34
2661 5725.74
2662 5720.61
2663 5723.99
2664 5722.21
2665 5724.17
2666 5720.93
2667 5719.93
2668 5719.19
2669 5720.21
2670 5719.85
2671 5720.70
2672 5721.50
2673 5721.71
2674 5721.27
2675 5722.37
2676 5724.14
2677 5724.55
2678 5721.73
2679 5722.75
2680 5725.37
2681 5731.11
2682  0.00
2683  0.00
2684  0.00
2685  0.00
2686  0.00
2687  0.00
2688  0.00
2689  0.00
2690  0.00
2691  0.00
2692  0.00
2693  0.00
2694  0.00
2695  0.00
2696  0.00
2697  0.00
2698  0.00
2699  0.00
2700  0.00
2701  0.00
2702  0.00
2703  0.00
2704  0.00
2705  0.00
2706  0.00
2707  0.00
2708  0.00
2709  0.00
2710  0.00
2711  0.00
2712  0.00
2713  0.00
2714  0.00
2715  0.00
2716  0.00
2717  0.00
2718 5705.28
2719 5721.33
2720 5718.26
2721 5692.63
2722 5697.48
2723 5700.79
2724 5709.84
2725 5712.28
2726 5711.08
2727 5709.06
2728 5706.77
2729 5707.07
2730 5705.95
2731 5704.79
2732 5703.58
2733 5703.07
2734 5702.68
2735 5702.62
2736 5700.88
2737 5700.47
2738 5700.63
2739 5701.10
2740 5700.52
2741 5700.16
2742 5699.32
2743 5698.29
2744 5696.35
2745 5695.74
2746 5695.54
2747 5696.36
2748 5696.34
2749 5696.87
2750 5696.67
2751 5696.52
2752 5696.83
2753 5696.85
2754 5697.18
2755 5697.78
2756 5698.06
2757 5698.54
2758 5698.38
2759 5699.00
2760 5699.14
2761 5699.63
2762 5701.28
2763 5701.28
2764 5701.28
2765 5701.80
2766 5703.22
2767 5704.27
2768 5704.83
2769 5705.00
2770 5737.74
2771 5778.42
2772 5799.05
2773 5808.33
2774 5808.85
2775 5798.82
2776 5797.82
2777 5786.82
2778 5794.37
2779 5781.72
2780 5740.07
2781 5717.90
2782 5702.10
2783 5707.83
2784 5710.23
2785 5716.26
2786 5715.20
2787 5714.90
2788 5712.15
2789 5714.09
2790 5715.52
2791 5716.07
2792 5717.50
2793 5718.97
2794 5719.87
2795 5716.30
2796 5715.21
2797 5713.29
2798 5714.25
2799 5711.66
2800 5712.57
2801 5711.65
2802 5711.97
2803 5710.48
2804 5710.49
2805 5710.55
2806 5709.24
2807 5707.08
2808 5705.73
2809 5703.89
2810 5694.08
2811 5687.37
2812 5687.61
2813 5693.54
2814 5703.14
2815 5704.62
2816 5705.59
2817 5701.86
2818 5701.03
2819 5700.46
2820 5698.92
2821 5700.69
2822 5703.86
2823 5704.10
2824 5704.77
2825 5702.70
2826 5704.92
2827 5703.89
2828 5705.92
2829 5704.09
2830 5706.46
2831 5705.99
2832 5708.02
2833 5706.78
2834 5707.55
2835 5707.52
2836 5705.66
2837 5702.17
2838 5704.32
2839 5710.76
2840 5717.41
2841 5779.80
2842 5805.63
2843 5815.06
2844 5821.19
2845 5823.83
2846 5819.03
2847 5819.92
2848 5817.22
2849 5819.19
2850 5816.92
2851 5819.62
2852 5821.65
2853 5820.23
2854 5821.88
2855 5822.98
2856 5820.92
2857 5823.26
2858 5822.05
2859 5819.46
2860 5816.18
2861 5816.53
2862 5813.05
2863 5814.40
2864 5815.81
2865 5811.53
2866 5811.08
2867 5811.75
2868 5812.81
2869 5803.67
2870 5806.66
2871 5801.86
2872 5803.34
2873 5802.29
2874 5805.44
2875 5800.97
2876 5798.58
2877 5798.39
2878 5795.53
2879 5794.69
2880 5794.56
2881 5800.29
2882 5797.24
2883 5816.92
2884 5857.72
2885 5876.74
2886 5867.89
2887 5829.57
2888 5808.36
2889 5809.15
2890 5799.38
2891 5801.87
2892 5790.72
2893 5799.92
2894 5780.35
2895 5785.40
2896 5827.50
2897 5834.67
2898 5829.57
2899 5831.36
2900 5822.50
2901 5823.67
2902 5817.58
2903 5819.17
2904 5817.02
2905 5815.10
2906 5817.64
2907 5814.34
2908 5817.09
2909 5813.99
2910 5813.97
2911 5812.71
2912 5814.98
2913 5817.10
2914 5819.11
2915 5820.14
2916 5824.75
2917 5827.06
2918 5831.68
2919 5832.02
2920 5833.60
2921 5831.23
2922 5830.93
2923 5826.30
2924 5824.24
2925 5820.74
2926 5817.67
2927 5819.04
2928 5814.04
2929 5818.91
2930 5812.67
2931 5819.17
2932 5815.68
2933 5819.78
2934 5819.82
2935 5822.01
2936 5825.77
2937 5822.01
2938 5827.02
2939 5820.51
2940 5825.41
2941 5820.26
2942 5825.31
2943 5815.89
2944 5820.61
2945 5818.20
2946 5798.90
2947 6101.12
2948 6115.81
2949 6112.11
2950 6114.35
2951 6110.36
2952 6110.51
2953 6106.85
2954 6104.74
2955 6100.23
2956 6095.78
2957 6091.33
2958 6086.93
2959 6077.72
2960 6071.07
2961 6070.98
2962 6071.22
2963 6071.56
2964 6072.49
2965 6072.30
2966 6072.62
2967 6074.03
2968 6078.24
2969 6084.83
2970 6092.63
2971 6099.99
2972 6103.52
2973 6104.57
2974 6106.83
2975 6105.66
2976 6102.78
2977 6098.80
2978 6093.81
2979 6086.62
2980 6076.58
2981 6071.45
2982 6065.67
2983 6068.33
2984 6063.42
2985 6059.90
2986 6048.80
2987 6049.38
2988 6085.39
2989 6124.39
2990 6164.34
2991 6189.89
2992 6187.85
2993 6196.29
2994 6197.62
2995 6212.63
2996 6145.21
2997 6110.41
2998 6101.97
2999 6100.59
3000 6100.40
3001 6102.91
3002 6101.18
3003 6097.34
3004 6090.10
3005 6087.77
3006 6084.60
3007 6081.91
3008 6081.53
3009 6080.38
3010 6084.86
3011 6086.13
3012 6091.86
3013 6093.89
3014 6105.08
3015 6125.67
3016 6135.43
3017 6140.43
3018 6132.44
3019 6122.97
3020 6110.51
3021 6102.38
3022 6103.15
3023 6102.01
3024 6100.07
3025 6094.43
3026 6088.68
3027 6081.32
3028 6078.87
3029 6080.30
3030 6090.04
3031 6105.76
3032 6132.28
3033 6152.21
3034 6122.21
3035 6141.57
3036 6213.56
3037 6284.71
3038 6382.00
3039 6365.92
3040 6385.19
3041 6343.12
3042 6303.58
3043 6198.28
3044 6200.53
3045 6202.51
3046 6204.91
3047 6207.66
3048 6206.59
3049 6207.01
3050 6207.05
3051 6205.98
3052 6203.10
3053 6200.61
3054 6204.03
3055 6205.88
3056 6206.08
3057 6204.83
3058 6204.04
3059 6203.13
3060 6204.74
3061 6201.40
3062 6198.87
3063 6202.24
3064 6203.62
3065 6201.66
3066 6201.83
3067 6200.93
3068 6202.38
3069 6204.45
3070 6204.53
3071 6207.64
3072 6207.69
3073 6214.85
3074 6230.56
3075 6291.62
3076 6362.01
3077 6367.95
3078 6381.92
3079 6391.47
3080 6404.45
3081 6407.48
3082 6407.73
3083 6400.52
3084 6396.77
3085 6332.83
3086 6219.74
3087 6216.71
3088 6207.05
3089 6212.55
3090 6211.42
3091 6215.53
3092 6214.52
3093 6212.32
3094 6211.75
3095 6211.01
3096 6210.79
3097 6210.06
3098 6212.10
3099 6209.30
3100 6209.87
3101 6210.87
3102 6211.14
3103 6220.50
3104 6232.83
3105 6271.56
3106 6297.67
3107 6355.25
3108 6397.25
3109 6381.37
3110 6401.64
3111 6410.66
3112 6422.29
3113 6424.68
3114 6424.55
3115 6422.95
3116 6419.75
3117 6423.67
3118 6420.37
3119 6420.29
3120 6416.33
3121 6412.25
3122 6402.96
3123 6387.38
3124 6375.51
3125 6355.77
3126 6345.51
3127 6381.63
3128 6397.24
3129 6424.57
3130 6415.99
3131 6424.85
3132 6410.70
3133 6424.10
3134 6419.13
3135 6421.89
3136 6421.72
3137 6416.85
3138 6421.62
3139 6397.50
3140 6400.83
3141 6386.21
3142 6381.17
3143 6374.70
3144 6368.21
3145 6380.22
3146 6392.38
3147 6390.78
3148 6401.04
3149 6400.89
3150 6412.49
3151 6412.28
3152 6423.16
3153 6419.93
3154 6436.45
3155 6405.20
3156 6423.28
3157 6391.73
3158 6397.25
3159 6408.02
3160 6309.10
3161 6190.47
3162 6217.29
3163 6221.54
3164 6229.43
3165 6229.66
3166 6231.73
3167 6233.06
3168 6255.47
3169 6295.58
3170 6359.75
3171 6385.46
3172 6403.41
3173 6409.81
3174 6408.25
3175 6409.37
3176 6405.87
3177 6404.40
3178 6398.89
3179 6368.73
3180 6272.65
3181 6112.02
3182 6134.07
3183 6069.28
3184 6080.68
3185 6073.77
3186 6072.40
3187 6064.03
3188 6346.33
3189 6346.33
3190 6340.17
3191 6284.71
3192 6260.67
3193 6239.52
3194 6248.02
3195 6238.86
3196 6243.89
3197 6188.92
3198 5935.10
3199 5935.10
3200 5857.57
3201 5867.20
3202 5830.09
3203 5830.83
3204 5836.69
3205 5836.74
3206 5847.27
3207 5838.90
3208 5835.20
3209 5826.65
3210 5826.49
3211 5833.36
3212 5829.57
3213 5841.66
3214 5857.09
3215 6126.73
3216 6109.71
3217 6106.94
3218 6103.12
3219 6106.47
3220 6109.48
3221 6110.31
3222 6105.60
3223 6099.76
3224 6091.91
3225 6084.21
3226 6074.02
3227 6064.89
3228 6067.90
3229 6071.07
3230 6072.47
3231 6074.20
3232 6082.43
3233 6095.38
3234 6114.25
3235 6131.32
3236 6143.96
3237 6153.81
3238 6160.98
3239 6161.29
3240 6159.29
3241 6154.51
3242 6147.08
3243 6138.29
3244 6123.82
3245 6112.98
3246 6111.65
3247 6108.92
3248 6105.18
3249 6102.28
3250 6102.87
3251 6103.67
3252 6100.67
3253 6100.89
3254 6107.46
3255 6108.22
3256 6098.89
3257 6100.39
3258 6101.84
3259 6105.66
3260 6102.97
3261 6097.86
3262 6123.01
3263 6107.42
3264 6112.02
3265 6112.02
3266 6123.01
3267 6112.02
3268 5826.18
3269 5818.22
3270 5818.59
3271 5825.27
3272 5821.69
3273 5820.14
3274 5811.69
3275 5812.79
3276 5813.18
3277 5815.68
3278 5813.79
3279 5810.66
3280 5811.08
3281 5761.98
3282 5730.10
3283 5723.53
3284 5724.43
3285 5743.76
3286 5747.99
3287 5749.68
3288 5745.00
3289 5742.33
3290 5757.45
3291 5765.24
3292 5753.77
3293 5523.26
3294 5494.41
3295 5493.32
3296 5497.98
3297 5500.05
3298 5500.92
3299 5499.29
3300 5504.54
3301 5503.03
3302 5544.54
3303 5712.61
3304 5730.10
3305 5719.53
3306 5723.88
3307 5725.69
3308 5725.05
3309 5723.25
3310 5721.61
3311 5721.64
3312 5723.76
3313 5722.53
3314 5724.99
3315 5725.15
3316 5725.87
3317 5722.62
3318 5722.10
3319 5723.02
3320 5724.26
3321 5725.55
3322 5722.64
3323 5723.62
3324 5718.41
3325 5723.07
3326 5730.10
3327 5730.11
3328 5722.04
3329 5722.08
3330 5723.09
3331 5718.23
3332 5717.52
3333 5716.33
3334 5716.96
3335 5716.71
3336 5715.40
3337 5718.89
3338 5715.63
3339 5714.80
3340 5709.32
3341 5725.35
3342 5721.89
3343 5719.79
3344 5709.68
3345 5709.62
3346 5717.34
3347 5719.62
3348 5721.05
3349 5717.78
3350 5718.64
3351 5719.51
3352 5720.16
3353 5722.18
3354 5723.43
3355 5724.43
3356 5723.45
3357 5722.53
3358 5721.43
3359 5720.78
3360 5721.83
3361 5721.58
3362 5721.26
3363 5718.59
3364 5721.39
3365 5719.17
3366 5720.69
3367 5718.68
3368 5720.72
3369 5723.60
3370 5725.00
3371 5721.00
3372 5722.77
3373 5727.59
3374 5740.59
3375 5747.76
3376 5746.84
3377 5754.47
3378  0.00
3379  0.00
3380  0.00
3381  0.00
3382  0.00
3383  0.00
3384  0.00
3385  0.00
3386  0.00
3387  0.00
3388  0.00
3389  0.00
3390  0.00
3391  0.00
3392  0.00
3393  0.00
3394  0.00
3395  0.00
3396  0.00
3397  0.00
3398  0.00
3399  0.00
3400  0.00
3401  0.00
3402  0.00
3403 5514.93
3404 5508.98
3405 5505.30
3406 5503.31
3407 5502.87
3408 5503.33
3409 5503.63
3410 5502.51
3411 5505.09
3412 5508.10
3413 5529.49
3414 5552.74
3415 5578.73
3416 5829.57
3417 5829.57
3418 5829.57
3419 5720.49
3420 5738.91
3421 5726.67
3422 5728.26
3423 5724.56
3424 5727.87
3425 5727.72
3426 5727.87
3427 5726.21
3428 5724.57
3429 5725.25
3430 5724.87
3431 5726.24
3432 5726.36
3433 5726.02
3434 5724.58
3435 5724.71
3436 5725.76
3437 5726.04
3438 5725.70
3439 5724.33
3440 5723.41
3441 5722.34
3442 5723.18
3443 5721.85
3444 5721.65
3445 5720.32
3446 5721.05
3447 5720.41
3448 5721.05
3449 5718.70
3450 5719.67
3451 5718.56
3452 5719.17
3453 5716.14
3454 5715.29
3455 5715.49
3456 5714.88
3457 5714.26
3458 5713.75
3459 5714.60
3460 5714.99
3461 5714.31
3462 5719.14
3463 5719.06
3464 5714.01
3465 5713.57
3466 5713.82
3467 5715.13
3468 5716.06
3469 5716.22
3470 5716.15
3471 5716.26
3472 5717.19
3473 5717.79
3474 5717.42
3475 5717.93
3476 5717.39
3477 5716.75
3478 5716.12
3479 5715.81
3480 5715.16
3481 5714.54
3482 5713.60
3483 5713.82
3484 5712.93
3485 5712.47
3486 5711.85
3487 5712.45
3488 5711.59
3489 5711.58
3490 5713.02
3491 5711.63
3492 5712.06
3493 5708.43
3494 5730.10
3495 5730.10
3496 5719.89
3497 5716.47
3498 5714.58
3499 5714.83
3500 5719.25
3501 5720.86
3502 5720.63
3503 5719.13
3504 5718.65
3505 5719.55
3506 5720.01
3507 5720.25
3508 5720.98
3509 5720.96
3510 5720.88
3511 5720.70
3512 5720.74
3513 5721.09
3514 5721.04
3515 5720.91
3516 5720.51
3517 5720.13
3518 5720.06
3519 5720.26
3520 5720.46
3521 5721.38
3522 5722.35
3523 5721.84
3524 5721.00
3525 5720.80
3526 5719.21
3527 5718.84
3528 5730.50
3529 5732.02
3530 5728.80
3531 5724.40
3532 5722.23
3533 5720.63
3534 5722.68
3535 5724.95
3536 5724.31
3537 5723.56
3538 5720.46
3539 5723.72
3540 5722.12
3541 5724.24
3542 5722.39
3543 5721.57
3544 5721.15
3545 5721.60
3546 5722.48
3547 5721.55
3548 5721.49
3549 5721.49
3550 5722.28
3551 5722.60
3552 5722.93
3553 5723.58
3554 5723.73
3555 5723.86
3556 5723.75
3557 5723.54
3558 5724.32
3559 5726.27
3560 5731.00
3561 5737.15
3562 5750.70
3563 5764.21
3564 5793.27
3565 5829.57
3566 5853.23
3567 5860.36
3568 5870.46
3569 5862.23
3570 5865.75
3571 5857.20
3572 5861.72
3573 5861.52
3574 5863.06
3575 5863.59
3576 5863.10
3577 5865.52
3578 5863.01
3579 5864.28
3580 5859.68
3581 5865.52
3582 5864.18
3583 5867.20
3584 5867.20
3585 5845.38
3586 5848.03
3587 5837.66
3588 5836.39
3589 5835.66
3590 5848.28
3591 5820.28
3592 5811.05
3593 5811.05
3594 5876.74
3595 5514.26
3596 5506.11
3597 5501.62
3598 5501.78
3599 5503.54
3600 5500.48
3601 5507.12
3602 5503.54
3603 5508.00
3604 5502.43
3605 5506.83
3606 5501.15
3607 5517.84
3608 5513.55
3609 5528.29
3610 5516.88
3611 5521.91
3612 5546.81
3613 5603.05
3614 5644.37
3615 5611.24
3616 5507.73
3617 5452.96
3618 5433.07
3619 5410.16
3620 5415.94
3621 5416.22
3622 5420.68
3623 5407.10
3624 5405.67
3625 5394.35
3626 5386.78
3627 5377.86
3628 5375.73
3629 5370.29
3630 5365.77
3631 5365.81
3632 5368.70
3633 5371.42
3634 5368.82
3635 5371.17
3636 5371.02
3637 5389.88
3638 5439.53
3639 5484.52
3640 5496.39
3641 5498.15
3642 5502.18
3643 5501.30
3644 5500.26
3645 5502.89
3646 5500.15
3647 5505.41
3648 5500.67
3649 5504.47
3650 5501.98
3651 5503.76
3652 5503.35
3653 5503.08
3654 5504.81
3655 5502.23
3656 5510.29
3657 5517.44
3658 5533.63
3659 5542.98
3660 5570.69
3661 5765.61
3662 5745.06
3663 5740.68
3664 5730.70
3665 5731.40
3666 5731.40
3667 5732.02
3668 5730.83
3669 5729.93
3670 5728.79
3671 5728.16
3672 5727.13
3673 5728.47
3674 5727.66
3675 5727.10
3676 5726.16
3677 5727.05
3678 5728.04
3679 5728.41
3680 5728.43
3681 5728.81
3682 5728.72
3683 5730.18
3684 5736.63
3685 5748.10
3686 5801.87
3687 5817.32
3688 5831.00
3689 5832.05
3690 5833.84
3691 5830.45
3692 5830.87
3693 5834.94
3694 5837.71
3695 5839.37
3696 5838.70
3697 5835.85
3698 5837.45
3699 5835.59
3700 5836.11
3701 5834.56
3702 5834.31
3703 5832.55
3704 5830.06
3705 5827.87
3706 5825.55
3707 5825.56
3708 5821.53
3709 5829.54
3710 5895.98
3711 6080.39
3712 6086.54
3713 6084.84
3714 6081.74
3715 6080.87
3716 6080.57
3717 6075.86
3718 6066.60
3719 6063.96
3720 6064.44
3721 6063.39
3722 6062.26
3723 6060.40
3724 6062.97
3725 6062.02
3726 6059.54
3727 6058.49
3728 6061.34
3729 6056.87
3730 6058.12
3731 6047.80
3732 6167.69
3733 6407.83
3734 6373.75
3735 6386.39
3736 6360.61
3737 6236.34
3738 6216.36
3739 6219.31
3740 6222.04
3741 6226.36
3742 6227.30
3743 6225.92
3744 6227.06
3745 6227.45
3746 6228.78
3747 6229.55
3748 6229.06
3749 6228.22
3750 6226.96
3751 6228.48
3752 6226.64
3753 6227.90
3754 6224.15
3755 6227.41
3756 6223.56
3757 6222.68
3758 6219.28
3759 6222.39
3760 6462.29
3761 6440.31
3762 6445.32
3763 6441.06
3764 6440.40
3765 6442.08
3766 6440.75
3767 6440.52
3768 6437.85
3769 6440.35
3770 6444.02
3771 6446.14
3772 6446.42
3773 6446.43
3774 6447.11
3775 6445.97
3776 6445.19
3777 6444.25
3778 6443.66
3779 6444.48
3780 6443.86
3781 6444.27
3782 6443.07
3783 6438.76
3784 6430.83
3785 6422.98
3786 6417.40
3787 6415.45
3788 6415.47
3789 6417.01
3790 6414.37
3791 6405.70
3792 6358.92
3793 6190.47
3794 6190.47
3795 6121.84
3796 6121.84
3797 6121.84
3798 6121.84
3799 6152.16
3800 6177.20
3801 6205.92
3802 6205.00
3803 6203.27
3804 6221.03
3805 6229.44
3806 6229.71
3807 6247.36
3808 6273.71
3809 6296.86
3810 6284.71
3811 6248.77
3812 6272.65
3813 6236.95
3814 6225.21
3815 6134.07
3816 6213.56
3817  0.00
3818  0.00
3819  0.00
3820  0.00
3821  0.00
3822  0.00
3823  0.00
3824  0.00
3825  0.00
3826  0.00
3827  0.00
3828  0.00
3829  0.00
3830  0.00
3831  0.00
3832  0.00
3833  0.00
3834 4507.97
3835 4507.97
3836 4507.97
3837 4498.40
3838 4496.66
3839 4502.76
3840 4505.35
3841 4506.26
3842 4507.72
3843 4505.89
3844 4507.65
3845 4507.62
3846 4508.13
3847 4506.25
3848 4505.16
3849 4507.00
3850 4508.96
3851 4505.12
3852 4507.78
3853 4507.46
3854 4508.24
3855 4521.17
3856 4574.60
3857  0.00
3858  0.00
3859  0.00
3860  0.00
3861  0.00
3862  0.00
3863  0.00
3864 5729.54
3865 5729.54
3866 5729.54
3867 5724.49
3868 5718.70
3869 5717.01
3870 5721.56
3871 5716.62
3872 5715.91
3873 5709.61
3874 5712.37
3875 5712.66
3876 5714.57
3877 5714.50
3878 5715.20
3879 5714.96
3880 5715.00
3881 5715.39
3882 5715.12
3883 5716.19
3884 5715.27
3885 5716.16
3886 5720.21
3887 5724.25
3888 5727.48
3889 5756.66
3890 5783.92
3891 5809.94
3892 5812.41
3893 5816.36
3894 5817.51
3895 5811.80
3896 5826.25
3897 5838.90
3898 5838.90
3899 5811.05
3900 5792.73
3901 5792.73
3902 5712.61
3903 5516.88
3904 5537.24
3905 5578.73
3906 5652.76
3907 5718.58
3908 5730.08
3909 5738.91
3910 5736.39
3911 5728.82
3912 5721.33
3913 5416.74
3914 5410.25
3915 5406.34
3916 5398.28
3917 5399.97
3918 5403.51
3919 5403.83
3920 5401.49
3921 5397.43
3922 5392.83
3923 5390.22
3924 5387.99
3925 5432.12
3926 5473.52
3927 5497.42
3928 5499.72
3929 5496.15
3930 5492.11
3931 5494.19
3932 5494.78
3933 5497.25
3934 5498.17
3935 5497.99
3936 5499.14
3937 5500.27
3938 5501.08
3939 5508.82
3940 5531.01
3941 5562.70
3942 5611.24
3943 5708.55
3944 5709.02
3945 5713.81
3946 5712.19
3947 5720.53
3948 5719.61
3949 5717.70
3950 5715.77
3951 5716.79
3952 5718.78
3953 5718.52
3954 5719.87
3955 5719.83
3956 5719.26
3957 5717.92
3958 5717.09
3959 5716.31
3960 5717.60
3961 5719.17
3962 5734.99
3963 5742.46
3964 5764.64
3965 5776.19
3966 5787.59
3967 5810.44
3968 5803.93
3969 5793.31
3970 5783.64
3971 5785.52
3972 5783.64
3973 5747.76
3974 5730.10
3975 5695.34
3976 5537.51
3977 5524.14
3978 5531.07
3979 5603.05
3980 5807.48
3981 5849.79
3982 5822.90
3983 5825.01
3984 5822.60
3985 5846.06
3986 5846.16
3987 5738.91
3988 5544.75
3989 5523.26
3990 5508.74
3991 5500.45
3992 5505.55
3993 5500.90
3994 5498.87
3995 5504.05
3996 5505.25
3997 5505.06
3998 5503.54
3999 5503.32
4000 5502.75
4001 5501.89
4002 5501.71
4003 5503.07
4004 5504.49
4005 5500.91
4006 5505.86
4007 5513.23
4008 5537.19
4009 5669.65
4010 5586.80
4011 5546.81
4012 5792.73
4013 5752.89
4014 5730.10
4015 5712.61
4016 5624.91
4017 5702.95
4018 5709.14
4019 5705.29
4020 5703.83
4021 5710.86
4022 5721.93
4023 5721.67
4024 5721.87
4025 5718.20
4026 5718.45
4027 5719.02
4028 5717.17
4029 5717.52
4030 5713.90
4031 5717.20
4032 5715.06
4033 5715.68
4034 5711.44
4035 5713.23
4036 5720.05
4037 5718.61
4038 5721.69
4039 5714.19
4040 5724.98
4041 5716.53
4042 5722.24
4043 5720.03
4044 5722.99
4045 5719.77
4046 5711.42
4047 5715.21
4048 5714.88
4049 5722.58
4050 5719.14
4051 5722.67
4052 5714.09
4053 5713.35
4054 5705.18
4055 5710.90
4056 5719.26
4057 5726.01
4058 5740.61
4059 5726.56
4060 5744.67
4061 5718.38
4062 5734.85
4063 5731.65
4064 5738.91
4065 5723.47
4066 5708.96
4067 5712.25
4068 5701.41
4069 5712.61
4070 5717.17
4071 5723.67
4072 5715.63
4073 5704.47
4074 5730.10
4075 5718.98
4076 5730.04
4077 5721.33
4078 5756.66
4079 5747.76
4080 5745.35
4081 5730.10
4082 5718.11
4083 5712.34
4084 5711.37
4085 5712.44
4086 5712.79
4087 5719.80
4088 5716.56
4089 5738.91
4090 5721.33
4091 5703.93
4092 5675.05
4093 5661.18
4094 5661.18
4095 5845.35
4096  0.00
4097  0.00
4098  0.00
4099  0.00
4100  0.00
4101  0.00
4102  0.00
4103  0.00
4104  0.00
4105  0.00
4106  0.00
4107  0.00
4108  0.00
4109  0.00
4110  0.00
4111  0.00
4112  0.00
4113  0.00
4114  0.00
4115  0.00
4116  0.00
4117  0.00
4118  0.00
4119  0.00
4120  0.00
4121  0.00
4122  0.00
4123  0.00
4124  0.00
4125  0.00
4126  0.00
4127  0.00
4128  0.00
4129  0.00
4130  0.00
4131  0.00
4132  0.00
4133  0.00
4134  0.00
4135  0.00
4136  0.00
4137  0.00
4138  0.00
4139  0.00
4140  0.00
4141  0.00
4142  0.00
4143  0.00
4144  0.00
4145  0.00
4146  0.00
4147  0.00
4148  0.00
4149  0.00
4150  0.00
4151  0.00
4152  0.00
4153  0.00
4154  0.00
4155  0.00
4156  0.00
4157  0.00
4158  0.00
4159  0.00
4160  0.00
4161  0.00
4162  0.00
4163  0.00
4164  0.00
4165  0.00
4166  0.00
4167  0.00
4168  0.00
4169  0.00
4170  0.00
4171  0.00
4172  0.00
4173  0.00
4174  0.00
4175  0.00
4176  0.00
4177  0.00
4178  0.00
4179  0.00
4180  0.00
4181  0.00
4182  0.00
4183  0.00
4184  0.00
4185  0.00
4186  0.00
4187  0.00
4188  0.00
4189  0.00
4190  0.00
4191  0.00
4192  0.00
4193  0.00
4194  0.00
4195  0.00
4196  0.00
4197  0.00
4198  0.00
4199  0.00
4200  0.00
4201  0.00
4202  0.00
4203  0.00
4204  0.00
4205  0.00
4206  0.00
4207  0.00
4208  0.00
4209  0.00
4210  0.00
4211  0.00
4212  0.00
4213  0.00
4214  0.00
4215  0.00
4216  0.00
4217  0.00
4218  0.00
