1  0.00
2  0.00
3  0.00
4  0.00
5  0.00
6 6390.26
7 6384.79
8 6388.19
9 6388.49
10 6391.49
11 6390.04
12 6389.80
13 6390.59
14 6389.69
15 6387.49
16 6385.09
17 6383.68
18 6384.43
19 6385.83
20 6384.36
21 6383.62
22 6383.51
23 6386.35
24 6386.54
25 6388.36
26 6389.78
27 6390.40
28 6386.03
29 6383.37
30 6383.24
31 6386.01
32 6385.40
33 6385.34
34 6383.53
35 6383.80
36 6382.38
37 6379.50
38 6377.54
39 6377.89
40 6379.36
41 6382.56
42 6384.05
43 6383.71
44 6382.39
45 6382.70
46 6390.25
47 6392.28
48 6391.64
49 6396.64
50 6398.61
51 6404.47
52 6396.60
53 6396.48
54 6181.71
55 6185.07
56 6188.98
57 6191.79
58 6194.67
59 6194.46
60 6195.11
61 6193.48
62 6193.32
63 6194.13
64 6194.67
65 6194.54
66 6193.60
67 6193.69
68 6193.39
69 6194.13
70 6193.42
71 6194.72
72 6193.48
73 6193.87
74 6193.36
75 6193.14
76 6193.01
77 6193.23
78 6193.14
79 6193.59
80 6193.37
81 6193.36
82 6193.13
83 6192.65
84 6193.98
85 6193.48
86 6192.69
87 6192.34
88 6192.99
89 6193.59
90 6193.37
91 6192.93
92 6193.13
93 6193.83
94 6193.50
95 6195.27
96 6193.90
97 6196.59
98 6196.50
99 6197.04
100 6200.24
101 6207.05
102 6210.90
103 6208.47
104 6197.04
105 6196.42
106 6194.76
107 6195.45
108 6195.64
109 6196.54
110 6194.94
111 6193.89
112 6192.86
113 6193.90
114 6194.11
115 6195.40
116 6195.01
117 6194.56
118 6194.06
119 6193.67
120 6193.09
121 6193.87
122 6193.49
123 6194.12
124 6192.69
125 6193.15
126 6192.62
127 6193.54
128 6193.10
129 6193.72
130 6193.86
131 6194.89
132 6193.64
133 6193.25
134 6192.79
135 6193.61
136 6192.72
137 6193.09
138 6192.79
139 6194.06
140 6198.82
141 6214.22
142 6258.13
143  0.00
144  0.00
145  0.00
146  0.00
147  0.00
148 6334.51
149 6340.23
150 6341.20
151 6349.91
152 6353.71
153 6333.69
154 5991.12
155 5987.12
156 5991.26
157 5988.87
158 5987.58
159 5986.21
160 5985.70
161 5984.24
162 5981.89
163 5981.83
164 5980.53
165 5979.22
166 5976.74
167 5977.28
168 5977.30
169 5979.08
170 5976.11
171 5977.69
172 5974.98
173 5976.19
174 5972.37
175 5973.60
176 5971.53
177 5972.17
178 5971.55
179 5973.92
180 5973.22
181 5973.86
182 5973.66
183 5973.44
184 5973.06
185 5972.55
186 5971.24
187 5972.17
188 5972.53
189 5974.50
190 5973.96
191 5974.88
192 5973.73
193 5973.45
194 5974.66
195 5977.24
196 5981.81
197 5984.92
198 5988.27
199 5983.41
200 6024.23
201 5987.26
202 5976.02
203 5976.71
204 5976.27
205 5976.99
206 5975.93
207 5975.54
208 5974.31
209 5973.74
210 5973.88
211 5975.10
212 5975.83
213 5974.44
214 5973.40
215 5971.80
216 5971.99
217 5971.75
218 5972.31
219 5971.36
220 5971.34
221 5969.18
222 5967.81
223 5966.47
224 5966.69
225 5965.87
226 5963.13
227 5961.80
228 5958.22
229 5956.44
230 5953.44
231 5952.28
232 5951.08
233 5950.73
234 5950.63
235 5949.61
236 5947.20
237 5946.08
238 5944.31
239 5944.47
240 5945.51
241 5968.24
242 5996.67
243 6003.22
244 6005.60
245 6003.43
246 6000.15
247 5992.07
248 5984.98
249 5988.23
250 5963.04
251 5847.82
252 5844.31
253 5836.87
254 5832.92
255 5832.12
256 5833.66
257 5837.86
258 5837.92
259 5836.76
260 5835.01
261 5833.94
262 5834.72
263 5833.69
264 5833.91
265 5833.52
266 5833.40
267 5831.70
268 5832.60
269 5833.44
270 5832.03
271 5830.11
272 5829.20
273 5830.47
274 5831.93
275 5831.75
276 5830.78
277 5830.18
278 5830.43
279 5831.18
280 5830.15
281 5829.80
282 5827.85
283 5827.97
284 5826.02
285 5827.15
286 5825.31
287 5825.27
288 5823.21
289 5822.51
290 5822.62
291 5824.22
292 5824.89
293 5824.98
294 5826.44
295 5863.74
296 5930.20
297 5965.55
298 5969.36
299 5978.40
300 5973.94
301 5978.36
302 5977.37
303 5980.22
304 5978.44
305 5975.51
306 5967.62
307 5867.20
308 5823.80
309 5813.96
310 5813.41
311 5817.80
312 5824.35
313 5825.48
314 5820.56
315 5815.17
316 5816.20
317 5816.99
318 5816.68
319 5814.47
320 5816.03
321 5816.83
322 5816.48
323 5814.53
324 5813.44
325 5811.66
326 5809.60
327 5809.45
328 5807.74
329 5806.37
330 5806.35
331 5809.04
332 5805.53
333 5804.37
334 5802.40
335 5803.91
336 5801.25
337 5804.28
338 5807.74
339 5809.22
340 5811.39
341 5818.53
342 5827.66
343 5831.38
344 5832.93
345 5835.24
346 5834.14
347 5829.10
348 5812.63
349 5805.54
350 5801.40
351 5794.28
352 5693.83
353 5685.72
354 5687.53
355 5691.36
356 5693.24
357 5694.77
358 5693.91
359 5696.85
360 5697.48
361 5698.41
362 5694.90
363 5694.38
364 5694.81
365 5697.13
366 5697.32
367 5695.94
368 5693.79
369 5695.24
370 5696.15
371 5694.20
372 5692.96
373 5693.49
374 5694.92
375 5693.07
376 5691.54
377 5692.85
378 5691.19
379 5691.46
380 5689.99
381 5691.72
382 5691.79
383 5693.29
384 5691.97
385 5692.26
386 5689.92
387 5692.19
388 5691.51
389 5692.64
390 5691.18
391 5693.17
392 5692.83
393 5693.39
394 5690.80
395 5691.80
396 5691.69
397 5693.23
398 5691.07
399 5691.63
400 5692.54
401 5895.98
402 5895.98
403 5895.98
404 5694.71
405 5811.05
406 5690.66
407 5692.04
408 5692.22
409 5693.46
410 5692.91
411 5693.75
412 5693.45
413 5695.69
414 5693.55
415 5692.92
416 5691.74
417 5693.68
418 5694.83
419 5695.25
420 5695.61
421 5693.08
422 5690.60
423 5689.91
424 5692.33
425 5694.78
426 5694.67
427 5692.11
428 5690.90
429 5692.01
430 5692.77
431 5692.21
432 5690.56
433 5690.75
434 5691.08
435 5691.83
436 5691.33
437 5691.72
438 5693.14
439 5693.06
440 5693.27
441 5694.08
442 5699.49
443 5705.59
444 5710.93
445 5721.51
446 5739.48
447 5762.09
448 5773.36
449 5761.92
450 5765.61
451 5996.84
452 5996.84
453 5996.84
454 5996.34
455 5997.99
456 5997.92
457 5999.09
458 5999.95
459 6003.03
460 6004.89
461 6005.39
462 6005.45
463 6004.94
464 6004.59
465 6002.25
466 6000.77
467 5999.05
468 5998.79
469 5997.76
470 5996.92
471 5995.44
472 5995.22
473 5994.58
474 5994.15
475 5992.80
476 5991.44
477 5990.42
478 5987.75
479 5986.46
480 5984.91
481 5984.12
482 5982.67
483 5977.67
484 5980.57
485 5977.90
486 5975.36
487 5973.62
488 5967.71
489 5971.20
490 5966.46
491 5966.33
492 5961.08
493 5964.41
494 5991.44
495 6001.55
496 5999.80
497 5998.97
498 5988.87
499 5985.36
500 5973.16
501 5868.02
502 5868.02
503 5855.31
504 5847.51
505 5848.82
506 5853.75
507 5859.62
508 5852.38
509 5848.18
510 5847.75
511 5847.64
512 5844.30
513 5844.06
514 5843.85
515 5843.64
516 5841.00
517 5840.06
518 5840.61
519 5841.94
520 5840.09
521 5839.13
522 5837.25
523 5834.74
524 5832.26
525 5829.49
526 5827.40
527 5824.43
528 5822.50
529 5821.10
530 5819.98
531 5818.93
532 5820.19
533 5819.79
534 5819.05
535 5818.82
536 5818.12
537 5817.04
538 5814.24
539 5812.94
540 5814.09
541 5815.64
542 5814.10
543 5807.87
544 5792.80
545 5782.67
546 5694.47
547 5690.17
548 5691.23
549 5694.07
550 5694.30
551 5694.45
552 5693.10
553 5695.91
554 5697.01
555 5697.22
556 5694.02
557 5691.83
558 5692.01
559 5694.49
560 5695.51
561 5693.87
562 5690.82
563 5690.40
564 5692.70
565 5693.76
566 5693.10
567 5691.11
568 5690.08
569 5689.82
570 5691.00
571 5690.74
572 5689.62
573 5690.21
574 5690.39
575 5692.10
576 5691.25
577 5692.08
578 5692.08
579 5692.48
580 5692.08
581 5690.83
582 5689.56
583 5695.51
584 5726.78
585 5766.43
586 5779.03
587 5789.46
588 5805.85
589 5812.94
590 5817.36
591 5821.19
592 5822.22
593 5822.18
594 5821.56
595 5821.01
596 5818.74
597 5816.18
598 5804.91
599 5806.09
600 5806.88
601 5689.36
602 5683.58
603 5687.28
604 5691.51
605 5694.48
606 5694.73
607 5692.40
608 5694.25
609 5696.09
610 5696.58
611 5694.88
612 5693.66
613 5694.88
614 5693.99
615 5696.14
616 5694.70
617 5692.61
618 5690.91
619 5692.24
620 5692.89
621 5692.51
622 5691.13
623 5690.77
624 5690.32
625 5690.97
626 5689.90
627 5689.26
628 5689.02
629 5691.10
630 5692.33
631 5693.89
632 5692.50
633 5692.27
634 5691.44
635 5692.71
636 5691.66
637 5691.62
638 5690.52
639 5691.77
640 5691.79
641 5693.33
642 5691.71
643 5692.77
644 5691.36
645 5692.71
646 5692.27
647 5692.27
648 5690.94
649 5691.17
650 5691.40
651 5691.98
652 5690.85
653 5691.46
654 5692.12
655 5693.93
656 5692.52
657 5690.76
658 5691.97
659 5693.35
660 5695.22
661 5693.07
662 5692.04
663 5692.60
664 5692.64
665 5692.00
666 5690.60
667 5689.73
668 5689.46
669 5689.88
670 5690.99
671 5692.97
672 5691.14
673 5691.28
674 5690.03
675 5691.93
676 5691.74
677 5692.73
678 5690.05
679 5691.08
680 5689.27
681 5694.50
682 5690.43
683 5693.79
684 5690.91
685 5692.14
686 5691.94
687 5690.11
688 5691.51
689 5687.29
690 5692.26
691 5690.28
692 5692.62
693 5686.78
694 5692.43
695 5690.93
696 5694.57
697 5688.05
698 5690.54
699 5689.59
700 5691.10
701 5690.34
702 5689.17
703 5691.01
704 5688.82
705 5692.90
706 5691.80
707 5693.71
708 5690.25
709 5693.85
710 5691.31
711 5691.00
712 5687.32
713 5689.59
714 5691.02
715 5692.30
716 5688.66
717 5687.91
718 5692.40
719 5692.85
720 5692.04
721 5690.53
722 5694.38
723 5692.03
724 5689.21
725 5690.93
726 5691.21
727 5688.58
728 5689.30
729 5692.31
730 5693.23
731 5691.38
732 5692.93
733 5695.00
734 5690.06
735 5693.30
736 5693.06
737 5695.83
738 5689.62
739 5692.26
740 5689.67
741 5692.08
742 5686.28
743 5695.77
744 5693.25
745 5692.81
746 5688.99
747 5691.17
748 5693.18
749 5690.76
750 5691.79
751 5694.68
752 5699.48
753 5691.21
754 5693.60
755 5689.53
756 5697.13
757 5688.25
758 5690.43
759 5694.21
760 5700.34
761 5690.64
762 5692.74
763 5694.39
764 5694.47
765 5686.37
766 5690.46
767 5691.99
768 5696.71
769 5691.12
770 5699.83
771 5701.52
772 5691.15
773 5691.45
774 5690.79
775 5697.40
776 5701.29
777 5697.46
778 5706.25
779 5702.17
780 5699.58
781 5696.52
782 5701.81
783 5707.08
784 5703.34
785 5695.16
786 5697.18
787 5695.48
788 5694.01
789 5694.12
790 5700.82
791 5713.82
792 5738.91
793  0.00
794  0.00
795  0.00
796  0.00
797  0.00
798  0.00
799  0.00
800  0.00
801  0.00
802  0.00
803  0.00
804  0.00
805  0.00
806  0.00
807  0.00
808  0.00
809  0.00
810  0.00
811  0.00
812 5821.36
813 5821.36
814 5876.20
815 5690.60
816 5691.89
817 5693.53
818 5695.08
819 5696.28
820 5695.11
821 5694.87
822 5694.91
823 5694.23
824 5694.70
825 5694.75
826 5695.30
827 5695.48
828 5695.59
829 5695.04
830 5693.28
831 5692.28
832 5692.23
833 5693.54
834 5694.03
835 5694.68
836 5694.68
837 5695.68
838 5695.39
839 5694.75
840 5692.47
841 5692.63
842 5692.39
843 5692.64
844 5692.24
845 5692.97
846 5693.58
847 5692.91
848 5692.27
849 5691.38
850 5692.75
851 5693.41
852 5694.08
853 5694.32
854 5692.98
855 5692.22
856 5691.32
857 5692.17
858 5691.78
859 5691.68
860 5691.68
861 5692.40
862 5692.56
863 5692.94
864 5693.16
865 5692.63
866 5692.10
867 5692.31
868 5692.73
869 5692.43
870 5691.74
871 5691.38
872 5692.23
873 5692.77
874 5692.73
875 5691.35
876 5691.30
877 5692.67
878 5693.55
879 5693.27
880 5692.22
881 5691.23
882 5690.75
883 5691.01
884 5692.51
885 5692.11
886 5692.76
887 5691.60
888 5692.12
889 5691.05
890 5691.08
891 5690.85
892 5691.83
893 5692.21
894 5691.96
895 5690.20
896 5689.93
897 5692.42
898 5695.86
899 5703.12
900 5699.71
901 5703.93
902 5693.89
903 6005.78
904 5985.11
905 5985.11
906 5975.85
907 5977.97
908 5975.46
909 5979.09
910 5977.03
911 5975.13
912 5968.22
913 5963.06
914 5958.28
915 5954.14
916 5949.04
917 5942.68
918 5940.48
919 5940.09
920 5941.93
921 5950.37
922 5965.01
923 5977.97
924 5985.71
925 5994.22
926 5997.21
927 6000.03
928 6002.53
929 6004.63
930 6003.18
931 5994.81
932 5982.38
933 5970.02
934 5958.42
935 5953.11
936 5954.95
937 5961.54
938 5963.27
939 5966.84
940 5967.56
941 5974.71
942 5974.74
943 5975.96
944 5974.41
945 5974.65
946 5973.02
947 5972.46
948 5970.74
949 5969.85
950 5969.73
951 5968.37
952 5968.27
953 5969.38
954 6053.47
955 6145.21
956 6168.60
957  0.00
958  0.00
959  0.00
960  0.00
961  0.00
962  0.00
963 4779.05
964 4781.82
965 4783.08
966 4783.56
967 4783.35
968 4783.45
969 4781.88
970 4781.63
971 4781.21
972 4776.98
973 4776.23
974  0.00
975  0.00
976  0.00
977  0.00
978  0.00
979  0.00
980  0.00
981  0.00
982  0.00
983  0.00
984  0.00
985  0.00
986  0.00
987  0.00
988  0.00
989  0.00
990  0.00
991  0.00
992  0.00
993 6172.40
994 6181.58
995 6183.69
996 6200.38
997 6244.43
998 6328.82
999 6354.91
1000 6387.92
1001 6388.14
1002 6389.49
1003 6390.98
1004 6391.65
1005 6391.49
1006 6389.61
1007 6389.69
1008 6389.26
1009 6387.78
1010 6385.33
1011 6384.24
1012 6383.49
1013 6383.79
1014 6384.98
1015 6384.15
1016 6384.61
1017 6384.51
1018 6386.03
1019 6386.50
1020 6386.76
1021 6387.01
1022 6385.70
1023 6383.78
1024 6383.43
1025 6384.29
1026 6383.25
1027 6383.63
1028 6383.01
1029 6384.07
1030 6383.53
1031 6383.78
1032 6383.84
1033 6384.27
1034 6383.82
1035 6384.18
1036 6384.59
1037 6384.14
1038 6380.24
1039 6386.02
1040 6391.42
1041 6396.87
1042 6386.85
1043 6460.68
1044 6462.61
1045 6463.21
1046 6460.47
1047 6464.81
1048 6469.41
1049 6474.15
1050 6472.10
1051 6471.78
1052 6472.20
1053 6470.07
1054 6471.00
1055 6469.34
1056 6469.84
1057 6468.68
1058 6467.30
1059 6468.72
1060 6469.04
1061 6470.82
1062 6472.56
1063 6472.22
1064 6470.87
1065 6466.28
1066 6461.84
1067 6461.04
1068 6465.38
1069 6463.08
1070 6462.88
1071 6455.92
1072 6457.25
1073 6450.94
1074 6451.63
1075 6445.98
1076 6447.98
1077 6448.01
1078 6449.46
1079 6448.71
1080 6449.98
1081 6450.31
1082 6454.14
1083 6450.94
1084 6438.73
1085 6420.16
1086 6411.04
1087 6414.02
1088 6411.89
1089 6405.97
1090 6395.79
1091 6400.69
1092 6403.84
1093 6406.10
1094 6400.42
1095 6390.42
1096 6380.92
1097 6383.21
1098 6375.39
1099 6387.65
1100 6389.74
1101 6391.21
1102 6388.07
1103 6385.95
1104 6389.93
1105 6390.58
1106 6390.16
1107 6392.94
1108 6394.26
1109 6399.49
1110 6394.07
1111 6392.22
1112 6387.97
1113 6399.50
1114 6399.44
1115 6396.86
1116 6381.05
1117 6388.51
1118 6377.59
1119 6358.01
1120 6179.26
1121 6189.46
1122 6189.51
1123 6192.27
1124 6193.95
1125 6195.43
1126 6194.28
1127 6193.06
1128 6193.71
1129 6193.51
1130 6193.73
1131 6193.42
1132 6194.06
1133 6193.52
1134 6194.38
1135 6194.19
1136 6194.05
1137 6194.18
1138 6194.05
1139 6192.82
1140 6193.04
1141 6193.46
1142 6193.25
1143 6192.31
1144 6192.38
1145 6192.60
1146 6193.12
1147 6192.75
1148 6193.00
1149 6192.77
1150 6192.11
1151 6192.25
1152 6192.31
1153 6197.44
1154 6208.14
1155 6245.38
1156 6274.44
1157  0.00
1158  0.00
1159  0.00
1160  0.00
1161  0.00
1162 6341.13
1163 6297.09
1164 6279.41
1165 6191.67
1166 6192.57
1167 6191.59
1168 6194.16
1169 6196.15
1170 6198.08
1171 6196.98
1172 6193.82
1173 6193.49
1174 6193.81
1175 6194.12
1176 6193.05
1177 6193.33
1178 6192.73
1179 6193.61
1180 6193.58
1181 6193.54
1182 6193.65
1183 6197.82
1184 6205.29
1185 6215.50
1186 6216.49
1187 6220.24
1188 5661.39
1189 5658.59
1190 5656.28
1191 5652.79
1192 5650.60
1193 5650.07
1194 5945.03
1195 5973.46
1196 5976.52
1197 5981.95
1198 5982.58
1199 5984.50
1200 5981.32
1201 5982.42
1202 5979.87
1203 5981.06
1204 5975.46
1205 5971.25
1206 5972.21
1207 5969.69
1208 5966.91
1209 5961.83
1210 5956.84
1211 5951.71
1212 5946.05
1213 5944.92
1214 5944.94
1215 5944.69
1216 5943.83
1217 5945.65
1218 5954.55
1219 5973.92
1220 5982.01
1221 5987.75
1222 5991.14
1223 5995.00
1224 5997.52
1225 5999.92
1226 6001.89
1227 6003.00
1228 6002.45
1229 5999.73
1230 5990.98
1231 5978.60
1232 5967.98
1233 5966.57
1234 5966.03
1235 5969.94
1236 5968.30
1237 5968.13
1238 5965.23
1239 5966.58
1240 5971.70
1241 5976.74
1242 5983.19
1243 5985.19
1244 5986.25
1245 5986.13
1246 5987.53
1247 5989.91
1248 5989.94
1249 5988.91
1250 5987.19
1251 5986.11
1252 5984.62
1253 5982.20
1254 5979.74
1255 5976.73
1256 5979.06
1257 5980.76
1258 5985.32
1259 5980.43
1260 5962.49
1261 5964.90
1262 5973.24
1263 5978.97
1264 5981.28
1265 5983.79
1266 5982.33
1267 5983.43
1268 5979.50
1269 5977.84
1270 5973.59
1271 5971.10
1272 5969.58
1273 5967.59
1274 5967.38
1275 5970.30
1276 5986.38
1277 6007.44
1278 6012.76
1279 6014.71
1280 6013.97
1281 5999.14
1282 5996.62
1283 5986.63
1284 5878.51
1285 5828.68
1286 5813.23
1287 5815.18
1288 5815.49
1289 5821.02
1290 5824.04
1291 5824.57
1292 5823.54
1293 5820.45
1294 5823.46
1295 5822.14
1296 5821.22
1297 5819.87
1298 5823.04
1299 5825.41
1300 5824.55
1301 5823.99
1302 5824.72
1303 5823.73
1304 5823.75
1305 5824.19
1306 5823.87
1307 5824.08
1308 5823.46
1309 5824.03
1310 5822.53
1311 5815.88
1312 5762.75
1313  0.00
1314  0.00
1315  0.00
1316  0.00
1317  0.00
1318  0.00
1319  0.00
1320  0.00
1321  0.00
1322  0.00
1323  0.00
1324  0.00
1325  0.00
1326  0.00
1327  0.00
1328  0.00
1329  0.00
1330  0.00
1331  0.00
1332  0.00
1333  0.00
1334 6190.31
1335 6191.71
1336 6192.48
1337 6192.22
1338 6189.02
1339 6188.94
1340 6189.97
1341 6192.04
1342 6192.69
1343 6194.21
1344 6195.15
1345 6068.74
1346 6004.49
1347 5986.58
1348 5983.28
1349 5981.53
1350 5978.54
1351 5975.86
1352 5970.89
1353 5977.46
1354 5966.53
1355 5962.06
1356 5961.70
1357 5965.17
1358 5955.53
1359 5992.02
1360 5999.78
1361 6002.74
1362 6008.71
1363 6016.48
1364 6027.36
1365 6011.06
1366 5995.50
1367 5935.10
1368 5935.10
1369 5857.72
1370 5829.12
1371 5821.06
1372 5815.78
1373 5813.66
1374 5816.66
1375 5822.20
1376 5822.88
1377 5817.89
1378 5814.29
1379 5816.64
1380 5818.44
1381 5818.81
1382 5818.24
1383 5820.19
1384 5819.33
1385 5820.09
1386 5820.65
1387 5822.92
1388 5824.12
1389 5823.60
1390 5824.86
1391 5823.90
1392 5824.71
1393 5823.72
1394 5817.76
1395 5810.39
1396 5802.23
1397 5819.67
1398 5815.78
1399 5679.72
1400 5693.20
1401 5692.06
1402 5694.14
1403 5692.64
1404 5693.44
1405 5694.90
1406 5694.98
1407 5695.99
1408 5694.64
1409 5695.18
1410 5696.20
1411 5695.14
1412 5693.01
1413 5692.56
1414 5692.62
1415 5692.63
1416 5689.09
1417 5690.47
1418 5690.72
1419 5694.33
1420 5692.18
1421 5690.55
1422 5714.89
1423 5762.05
1424 5800.39
1425 5805.54
1426 5810.46
1427 5815.56
1428 5826.39
1429 5823.80
1430 5833.70
1431 5829.41
1432 5834.16
1433 5833.27
1434 5835.28
1435 5834.88
1436 5833.02
1437 5832.40
1438 5834.30
1439 5838.67
1440 5847.16
1441 5843.43
1442 5831.20
1443 5789.56
1444 5760.48
1445 5738.25
1446 5715.83
1447 5715.60
1448 5696.74
1449 5693.94
1450 5694.15
1451 5694.85
1452 5694.23
1453 5693.38
1454 5695.01
1455 5697.46
1456 5697.63
1457 5693.58
1458 5692.62
1459 5692.42
1460 5695.42
1461 5693.76
1462 5693.48
1463 5691.49
1464 5689.60
1465 5690.62
1466 5692.00
1467 5695.90
1468 5697.98
1469 5698.85
1470 5696.76
1471 5695.13
1472 5692.57
1473 5694.79
1474 5693.24
1475 5693.48
1476 5691.41
1477 5692.29
1478 5692.91
1479 5693.66
1480 5692.11
1481 5690.30
1482 5691.02
1483 5692.04
1484 5691.89
1485 5689.76
1486 5688.71
1487 5691.79
1488 5695.19
1489 5694.19
1490 5691.53
1491 5688.73
1492 5693.59
1493 5695.02
1494 5694.08
1495 5691.28
1496 5689.95
1497 5692.49
1498 5694.07
1499 5692.95
1500 5688.73
1501 5690.42
1502 5691.58
1503 5695.09
1504 5690.84
1505 5689.54
1506 5686.86
1507 5693.60
1508 5693.55
1509 5691.65
1510 5690.79
1511 5693.87
1512 5692.81
1513 5692.45
1514 5685.74
1515 5688.72
1516 5692.82
1517 5697.53
1518 5695.12
1519 5690.23
1520 5688.30
1521 5685.64
1522 5694.83
1523 5695.29
1524 5697.10
1525 5686.23
1526 5690.57
1527 5692.09
1528 5694.32
1529 5688.37
1530 5689.26
1531 5693.58
1532 5696.09
1533 5695.74
1534 5688.73
1535 5690.14
1536 5689.16
1537 5698.79
1538 5693.28
1539 5691.31
1540 5683.92
1541 5694.88
1542 5696.50
1543 5695.95
1544 5689.08
1545 5690.22
1546 5692.71
1547 5694.65
1548 5692.17
1549 5691.86
1550 5688.74
1551 5694.81
1552 5696.16
1553 5694.45
1554 5686.51
1555 5685.67
1556 5692.09
1557 5696.13
1558 5693.82
1559 5686.28
1560 5689.49
1561 5689.57
1562 5695.23
1563 5690.56
1564 5688.71
1565 5686.56
1566 5692.27
1567 5694.75
1568 5691.04
1569 5687.81
1570 5689.30
1571 5694.84
1572 5693.61
1573 5689.83
1574 5687.09
1575 5687.55
1576 5691.16
1577 5686.80
1578 5690.50
1579 5689.78
1580 5695.25
1581 5690.97
1582 5691.41
1583 5688.22
1584 5690.37
1585 5692.50
1586 5692.21
1587 5690.96
1588 5680.44
1589 5687.41
1590 5697.29
1591 5696.59
1592 5698.90
1593 5684.93
1594 5698.45
1595 5699.09
1596 5699.25
1597 5696.95
1598 5691.68
1599 5697.87
1600 5699.07
1601 5703.08
1602  0.00
1603  0.00
1604  0.00
1605  0.00
1606  0.00
1607  0.00
1608  0.00
1609  0.00
1610  0.00
1611  0.00
1612  0.00
1613  0.00
1614  0.00
1615  0.00
1616  0.00
1617  0.00
1618  0.00
1619 5780.33
1620 5933.16
1621 5955.00
1622 5957.26
1623 5961.79
1624 5970.17
1625 5974.23
1626 5975.70
1627 5974.54
1628 5975.20
1629 5973.54
1630 5973.82
1631 5973.75
1632 5976.52
1633 5976.16
1634 5976.09
1635 5974.32
1636 5975.81
1637 5976.50
1638 5977.72
1639 5976.74
1640 5976.45
1641 5977.64
1642 5976.61
1643 5977.73
1644 5978.74
1645 5979.97
1646 5978.22
1647 5978.68
1648 5978.76
1649 5978.36
1650 6180.33
1651 6180.33
1652 6185.80
1653 6192.27
1654 6192.29
1655 6195.50
1656 6193.96
1657 6192.69
1658 6193.79
1659 6194.78
1660 6196.31
1661 5983.62
1662 5983.07
1663 5982.31
1664 5981.29
1665 5980.09
1666 5979.36
1667 5979.59
1668 5980.56
1669 5980.18
1670 5981.31
1671 5981.59
1672 5980.61
1673 5979.65
1674 5979.54
1675 5980.09
1676 5980.47
1677 5980.46
1678 5981.41
1679 5980.96
1680 5980.84
1681 5978.26
1682 5975.28
1683 6076.62
1684 6384.83
1685 6387.24
1686 6384.31
1687 6386.79
1688 6388.78
1689 6393.86
1690 6393.79
1691 6389.32
1692 6385.60
1693 6384.34
1694 6386.45
1695 6386.65
1696 6388.17
1697 6388.40
1698 6388.21
1699 6387.41
1700 6386.00
1701 6386.32
1702 6385.99
1703 6386.36
1704 6388.03
1705 6387.94
1706 6387.82
1707 6387.86
1708 6386.03
1709 6386.73
1710 6384.52
1711 6386.04
1712 6386.16
1713 6387.11
1714 6387.71
1715 6387.76
1716 6386.59
1717 6386.79
1718 6386.89
1719 6389.28
1720 6388.01
1721 6386.46
1722 6385.03
1723 6386.89
1724 6386.67
1725 6386.03
1726 6384.86
1727 6386.59
1728 6388.04
1729 6386.25
1730 6384.71
1731 6384.11
1732 6386.17
1733 6388.26
1734 6387.81
1735 6386.52
1736 6388.04
1737 6390.23
1738 6390.28
1739 6384.43
1740 6382.07
1741 6384.95
1742 6389.50
1743 6393.44
1744 6387.83
1745 6381.87
1746 6387.06
1747 6387.06
1748 6388.63
1749 6388.63
1750 6388.63
1751 6388.63
1752 6388.03
1753 6391.41
1754 6384.40
1755 6392.34
1756 6393.13
1757 6396.87
1758 6390.81
1759 6381.75
1760 6379.18
1761 6385.44
1762 6392.11
1763 6392.31
1764 6381.36
1765 6381.65
1766 6386.40
1767 6390.67
1768 6386.03
1769 6376.43
1770 6376.31
1771 6383.67
1772 6392.95
1773 6393.39
1774 6385.28
1775 6391.75
1776 6402.99
1777 6407.77
1778 6402.04
1779 6391.57
1780 6396.77
1781 6393.69
1782 6393.76
1783 6393.46
1784 6393.73
1785 6395.20
1786 6393.76
1787 6396.37
1788 6393.46
1789 6391.17
1790 6387.75
1791 6387.54
1792 6388.95
1793 6389.84
1794 6389.11
1795 6388.09
1796 6387.03
1797 6387.85
1798 6387.98
1799 6390.72
1800 6393.54
1801 6393.27
1802 6389.43
1803 6387.34
1804 6386.31
1805 6389.18
1806 6387.98
1807 6388.54
1808 6387.03
1809 6386.99
1810 6383.83
1811 6384.89
1812 6388.09
1813 6389.60
1814 6387.53
1815 6387.39
1816 6388.69
1817 6392.35
1818 6389.62
1819 6388.03
1820 6382.48
1821 6385.67
1822 6385.90
1823 6388.20
1824 6388.50
1825 6390.59
1826 6390.15
1827 6390.36
1828 6387.70
1829 6390.95
1830 6388.88
1831 6391.61
1832 6386.84
1833 6388.25
1834 6388.11
1835 6391.20
1836 6390.92
1837 6389.45
1838 6386.79
1839 6387.22
1840 6391.34
1841 6396.62
1842 6394.11
1843 6386.12
1844 6384.07
1845 6387.53
1846 6394.48
1847 6387.55
1848 6383.61
1849 6379.12
1850 6386.54
1851 6391.53
1852 6388.27
1853 6383.15
1854 6380.82
1855 6387.02
1856 6392.51
1857 6395.39
1858 6395.70
1859 6398.74
1860 6381.44
1861 6387.74
1862 6389.09
1863 6390.56
1864 6391.16
1865 6391.35
1866 6390.75
1867 6392.38
1868 6392.77
1869 6390.84
1870 6388.15
1871 6385.50
1872 6384.84
1873 6387.10
1874 6386.06
1875 6387.73
1876 6386.94
1877 6388.40
1878 6388.15
1879 6388.23
1880 6391.96
1881 6394.03
1882 6390.71
1883 6387.54
1884 6383.41
1885 6387.02
1886 6386.61
1887 6388.55
1888 6387.28
1889 6386.50
1890 6384.40
1891 6384.65
1892 6385.94
1893 6387.12
1894 6385.61
1895 6386.94
1896 6387.79
1897 6390.60
1898 6389.76
1899 6387.91
1900 6384.93
1901 6384.35
1902 6387.02
1903 6387.49
1904 6386.00
1905 6387.20
1906 6388.95
1907 6390.61
1908 6388.46
1909 6388.64
1910 6386.41
1911 6386.86
1912 6384.77
1913 6386.66
1914 6385.31
1915 6386.06
1916 6384.66
1917 6385.87
1918 6385.44
1919 6385.70
1920 6384.30
1921 6382.91
1922 6381.84
1923 6382.45
1924 6381.10
1925 6381.20
1926 6383.84
1927 6387.76
1928 6386.47
1929 6384.18
1930 6377.74
1931 6383.16
1932 6386.76
1933 6388.98
1934 6387.17
1935 6389.84
1936 5996.24
1937 5987.48
1938 5988.28
1939 5991.35
1940 5991.94
1941 5993.43
1942 5992.46
1943 5994.38
1944 5994.74
1945 5994.46
1946 5994.93
1947 5994.64
1948 5995.02
1949 5994.30
1950 5993.60
1951 5993.54
1952 5992.67
1953 5991.66
1954 5989.46
1955 5988.20
1956 5985.92
1957 5983.53
1958 5981.11
1959 5977.12
1960 5974.60
1961 5973.01
1962 5971.72
1963 5972.32
1964 5971.18
1965 5971.84
1966 5970.41
1967 5972.25
1968 5977.86
1969 5985.15
1970 5992.03
1971 5995.53
1972 6000.67
1973 6002.30
1974 6005.92
1975 6003.06
1976 6006.02
1977 6001.12
1978 5994.73
1979 5987.97
1980 5983.77
1981 5983.96
1982 5985.57
1983 5985.86
1984 5984.64
1985 5985.32
1986 5987.80
1987 5990.69
1988 5993.29
1989 5995.22
1990 5995.56
1991 5996.24
1992 5995.78
1993 5995.72
1994 5994.48
1995 5991.33
1996 5991.55
1997 6004.03
1998 6022.10
1999 6033.17
2000 6033.60
2001 6029.84
2002 6024.46
2003 6015.89
2004 6007.16
2005 6000.04
2006 5977.79
2007 5954.91
2008 5935.00
2009 5914.74
2010 5830.26
2011 5820.44
2012 5813.97
2013 5812.59
2014 5818.58
2015 5828.86
2016 5830.57
2017 5825.81
2018 5823.70
2019 5825.89
2020 5828.19
2021 5827.12
2022 5825.12
2023 5829.87
2024 5831.50
2025 5831.82
2026 5829.50
2027 5829.76
2028 5830.11
2029 5831.63
2030 5832.81
2031 5835.17
2032 5835.60
2033 5839.45
2034 5837.95
2035 5840.31
2036 5840.47
2037 5841.96
2038 5840.81
2039 5840.70
2040 5839.53
2041 5840.58
2042 5840.91
2043 5842.46
2044 5841.36
2045 5841.36
2046 5839.67
2047 5840.84
2048 5841.23
2049 5844.94
2050 5845.21
2051 5846.91
2052 5847.76
2053 5850.09
2054 5850.63
2055 5850.28
2056 5848.60
2057 5846.59
2058 5845.32
2059 5844.27
2060 5844.03
2061 5844.17
2062 5843.90
2063 5844.86
2064 5845.41
2065 5845.80
2066 5845.42
2067 5845.69
2068 5845.49
2069 5846.64
2070 5846.47
2071 5846.92
2072 5846.96
2073 5847.27
2074 5847.40
2075 5848.39
2076 5848.37
2077 6169.25
2078 6176.06
2079 6186.10
2080 6186.10
2081 6190.02
2082 6192.09
2083 6190.99
2084 6190.47
2085 6191.61
2086 6192.31
2087 6193.07
2088 6192.63
2089 6193.30
2090 6193.70
2091 6194.44
2092 6192.74
2093 6192.64
2094 6191.98
2095 6192.06
2096 6191.29
2097 6191.31
2098 6191.44
2099 6192.07
2100 6192.01
2101 6192.67
2102 6192.42
2103 6193.38
2104 6193.12
2105 6193.38
2106 6193.20
2107 6192.15
2108 6191.92
2109 6191.99
2110 6191.72
2111 6192.06
2112 6191.92
2113 6192.03
2114 6191.44
2115 6192.18
2116 6193.19
2117 6193.94
2118 6193.50
2119 6193.20
2120 6192.60
2121 6192.26
2122 6191.57
2123 6191.89
2124 6191.34
2125 6192.02
2126 6191.61
2127 6192.42
2128 6148.84
2129 5995.50
2130 5970.90
2131 5982.20
2132 5982.02
2133 5992.67
2134 5989.07
2135 5986.02
2136 5971.85
2137 5823.92
2138 5823.92
2139 5823.92
2140 5820.28
2141 5817.05
2142 5808.41
2143 5821.80
2144 5830.50
2145 5836.41
2146 5827.20
2147 5826.73
2148 5827.40
2149 5832.31
2150 5826.56
2151 5824.97
2152 5826.56
2153 5828.98
2154 5828.13
2155 5827.92
2156 5829.98
2157 5827.81
2158 5829.95
2159 5828.31
2160 5828.49
2161 5828.65
2162 5828.91
2163 5827.05
2164 5829.13
2165 5831.23
2166 5831.49
2167 5830.72
2168 5829.21
2169 5830.19
2170 5831.49
2171 5833.68
2172 5834.21
2173 5831.67
2174 5834.45
2175 5835.15
2176 5863.51
2177 5934.47
2178 5963.90
2179 5975.40
2180 5975.90
2181 5983.27
2182 5985.74
2183 5983.48
2184 5981.09
2185 5976.78
2186 5977.09
2187 5978.58
2188 6018.32
2189 6179.04
2190 6179.04
2191 5837.76
2192 5831.23
2193 5832.02
2194 5827.53
2195 5824.70
2196 5821.85
2197 5825.05
2198 5824.96
2199 5824.67
2200 5821.46
2201 5823.37
2202 5821.67
2203 5820.92
2204 5819.07
2205 5819.86
2206 5818.34
2207 5817.37
2208 5815.43
2209 5814.28
2210 5815.38
2211 5814.97
2212 5815.08
2213 5813.91
2214 5813.81
2215 5813.42
2216 5811.55
2217 5810.68
2218 5810.10
2219 5810.77
2220 5811.12
2221 5811.59
2222 5810.61
2223 5810.50
2224 5809.82
2225 5812.54
2226 5814.38
2227 5818.76
2228 5819.97
2229 5821.87
2230 5821.31
2231 5820.44
2232 5818.67
2233 5815.77
2234 5808.16
2235 5796.42
2236 5782.39
2237 5786.61
2238 5695.32
2239 5694.81
2240 5693.65
2241 5694.42
2242 5693.82
2243 5694.84
2244 5697.21
2245 5699.89
2246 5700.21
2247 5700.14
2248 5698.95
2249 5699.08
2250 5697.93
2251 5697.03
2252 5698.32
2253 5697.49
2254 5697.24
2255 5697.50
2256 5697.40
2257 5698.83
2258 5694.80
2259 5695.74
2260 5695.76
2261 5695.60
2262 5696.17
2263 5693.92
2264 5691.86
2265 5692.11
2266 5691.56
2267 5692.86
2268 5691.81
2269 5692.73
2270 5691.39
2271 5692.13
2272 5691.25
2273 5692.56
2274 5691.28
2275 5695.87
2276 5749.70
2277 5792.68
2278 5809.41
2279 5818.87
2280 5823.27
2281 5823.75
2282 5827.35
2283 5830.01
2284 5824.54
2285 5821.91
2286 5817.03
2287 5815.84
2288 5807.94
2289 5797.93
2290 5729.28
2291 5713.12
2292 5702.03
2293 5699.85
2294 5697.37
2295 5703.68
2296 5693.43
2297 5691.58
2298 5692.29
2299 5693.27
2300 5694.30
2301 5695.13
2302 5697.34
2303 5699.17
2304 5699.28
2305 5699.27
2306 5700.81
2307 5702.87
2308 5702.59
2309 5698.74
2310 5695.56
2311 5693.07
2312 5691.68
2313 5691.52
2314 5692.42
2315 5695.70
2316 5698.76
2317 5698.24
2318 5695.94
2319 5692.64
2320 5693.19
2321 5693.80
2322 5692.36
2323 5690.57
2324 5690.19
2325 5693.53
2326 5693.96
2327 5692.26
2328 5686.74
2329 5689.08
2330 5691.72
2331 5692.70
2332 5690.10
2333 5688.86
2334 5690.25
2335 5692.93
2336 5693.31
2337 5690.50
2338 5687.24
2339 5689.59
2340 5692.97
2341 5694.02
2342 5689.62
2343 5686.03
2344 5688.30
2345 5691.31
2346 5693.50
2347 5691.46
2348 5686.13
2349 5690.29
2350 5690.94
2351 5692.95
2352 5687.16
2353 5687.40
2354 5689.65
2355 5691.48
2356 5691.14
2357 5688.50
2358 5688.48
2359 5689.94
2360 5692.12
2361 5689.99
2362 5686.67
2363 5688.21
2364 5692.00
2365 5692.48
2366 5687.14
2367 5684.04
2368 5685.03
2369 5692.56
2370 5695.45
2371 5691.39
2372 5684.51
2373 5684.94
2374 5691.36
2375 5694.45
2376 5692.71
2377 5686.23
2378 5686.33
2379 5688.08
2380 5691.32
2381 5690.80
2382 5686.82
2383 5688.45
2384 5689.54
2385 5691.81
2386 5689.78
2387 5688.34
2388 5688.86
2389 5690.52
2390 5690.61
2391 5690.28
2392 5687.86
2393 5687.27
2394 5688.92
2395 5690.23
2396 5691.90
2397 5690.29
2398 5688.37
2399 5689.03
2400 5688.43
2401 5692.37
2402 5690.54
2403 5690.61
2404 5687.12
2405 5687.10
2406 5690.65
2407 5690.77
2408 5691.96
2409 5686.83
2410 5685.63
2411 5688.81
2412 5690.79
2413 5693.18
2414 5689.03
2415 5686.36
2416 5688.17
2417 5691.58
2418 5691.73
2419 5690.07
2420 5687.18
2421 5693.18
2422 5690.92
2423 5692.42
2424 5688.39
2425 5688.61
2426 5690.90
2427 5692.86
2428 5691.24
2429 5691.05
2430 5688.86
2431 5692.53
2432 5691.17
2433 5690.27
2434 5691.91
2435 5689.53
2436 5691.93
2437 5691.67
2438 5691.56
2439 5692.39
2440 5693.41
2441 5694.22
2442 5690.69
2443 5691.00
2444 5693.59
2445 5704.29
2446 5712.61
2447 5730.10
2448 5730.10
2449 5794.81
2450  0.00
2451  0.00
2452  0.00
2453  0.00
2454  0.00
2455  0.00
2456  0.00
2457  0.00
2458 5881.53
2459 5881.53
2460 6047.50
2461 6047.50
2462 5971.74
2463 6005.78
2464 5978.65
2465 5980.78
2466 5982.61
2467 5986.83
2468 5988.03
2469 5987.06
2470 5985.31
2471 5981.92
2472 5978.90
2473 5973.88
2474 5970.08
2475 5965.82
2476 5962.70
2477 5959.41
2478 5955.14
2479 5950.61
2480 5947.30
2481 5947.25
2482 5946.82
2483 5947.27
2484 5948.95
2485 5956.10
2486 5967.10
2487 5975.44
2488 5984.00
2489 5986.35
2490 5989.14
2491 5990.99
2492 5992.64
2493 5995.99
2494 5997.72
2495 5997.09
2496 5983.33
2497 5971.06
2498 5962.83
2499 5956.62
2500 5959.77
2501 5961.55
2502 5963.77
2503 5963.97
2504 5963.93
2505 5961.64
2506 5960.47
2507 5971.62
2508 5981.01
2509 5984.46
2510 5991.57
2511 5994.70
2512 5998.75
2513 5998.38
2514 5993.72
2515 5986.09
2516 5980.84
2517 5975.50
2518 5971.19
2519 5968.03
2520 5967.81
2521 5969.95
2522 5971.72
2523 5971.58
2524 5970.51
2525 5978.86
2526 5990.17
2527 5995.55
2528 5999.86
2529 6003.50
2530 6003.45
2531 5999.41
2532 5994.62
2533 5991.69
2534 5986.24
2535 5980.54
2536 5972.09
2537 5968.29
2538 5969.41
2539 5972.69
2540 5974.97
2541 5976.35
2542 5977.92
2543 5980.46
2544 5981.42
2545 5982.04
2546 5983.15
2547 5982.90
2548 5982.82
2549 5982.11
2550 5980.37
2551 5976.92
2552 5975.38
2553 5974.85
2554 5975.65
2555 5975.69
2556 5975.54
2557 5976.03
2558 5975.16
2559 5969.57
2560 6015.05
2561 6173.67
2562 6186.38
2563 6189.68
2564 6193.87
2565 6195.38
2566 6195.56
2567 6193.22
2568 6192.65
2569 6193.15
2570 6193.87
2571 6193.85
2572 6193.71
2573 6193.29
2574 6193.21
2575 6194.12
2576 6193.75
2577 6193.51
2578 6193.99
2579 6193.68
2580 6193.49
2581 6193.30
2582 6193.20
2583 6193.31
2584 6192.74
2585 6192.60
2586 6192.72
2587 6192.56
2588 6193.07
2589 6192.93
2590 6192.56
2591 6192.32
2592 6192.07
2593 6192.34
2594 6192.16
2595 6192.75
2596 6193.24
2597 6193.39
2598 6192.42
2599 6191.93
2600 6191.91
2601 6192.70
2602 6192.83
2603 6193.53
2604 6193.44
2605 6193.16
2606 6192.59
2607 6192.86
2608 6192.86
2609 6192.66
2610 6192.83
2611 6193.39
2612 6193.13
2613 6192.99
2614 6192.40
2615 6192.87
2616 6192.52
2617 6192.02
2618 6191.60
2619 6191.61
2620 6192.02
2621 6192.69
2622 6192.49
2623 6192.68
2624 6191.97
2625 6192.48
2626 6192.63
2627 6192.23
2628 6191.65
2629 6191.50
2630 6192.95
2631 6192.80
2632 6192.73
2633 6192.58
2634 6192.78
2635 6192.83
2636 6192.66
2637 6193.00
2638 6192.07
2639 6192.51
2640 6192.45
2641 6193.52
2642 6193.09
2643 6192.74
2644 6191.60
2645 6191.33
2646 6192.31
2647 6193.02
2648 6190.85
2649 6189.61
2650 6191.49
2651 6195.18
2652 6201.59
2653 6202.37
2654 6203.52
2655 6202.75
2656 6195.63
2657 6197.04
2658 6191.50
2659 6193.20
2660 6201.98
2661 6385.87
2662 6383.64
2663 6391.03
2664 6394.79
2665 6399.71
2666 6399.60
2667 6402.53
2668 6404.84
2669 6405.45
2670 6402.77
2671 6400.86
2672 6402.71
2673 6402.64
2674 6401.95
2675 6400.00
2676 6397.77
2677 6395.23
2678 6392.10
2679 6388.57
2680 6389.69
2681 6391.59
2682 6393.50
2683 6393.77
2684 6393.67
2685 6396.07
2686 6398.12
2687 6397.02
2688 6396.61
2689 6398.25
2690 6397.85
2691 6397.13
2692 6396.35
2693 6397.39
2694 6397.72
2695 6396.89
2696 6393.93
2697 6392.99
2698 6391.86
2699 6392.46
2700 6390.74
2701 6390.19
2702 6386.82
2703 6385.42
2704 6390.02
2705 6400.81
2706 6405.61
2707 6402.54
2708 6400.15
2709 6395.87
2710 6400.76
2711 6402.68
2712 6404.08
2713 6400.41
2714 6392.65
2715 6387.72
2716 6383.73
2717 6383.08
2718 6379.58
2719 6380.73
2720 6386.81
2721 6392.62
2722 6393.86
2723 6393.36
2724 6398.54
2725 6402.83
2726 6408.04
2727 6407.40
2728 6404.68
2729 6401.71
2730 6400.15
2731 6408.33
2732 6411.06
2733 6333.83
2734 6333.83
2735 6366.25
2736 6392.44
2737 6394.02
2738 6395.41
2739 6399.40
2740 6402.17
2741 6398.40
2742 6393.84
2743 6377.94
2744 6372.44
2745 6382.84
2746 6396.45
2747 6401.08
2748 6395.72
2749 6392.14
2750 6385.30
2751 6385.88
2752 6387.80
2753 6386.57
2754 6383.94
2755 6380.62
2756 6392.01
2757 6394.34
2758 6386.76
2759 6166.86
2760 6170.13
2761 6170.72
2762 6176.91
2763 6176.91
2764 6182.41
2765 6182.41
2766 6182.41
2767 6182.41
2768 6180.08
2769 6180.84
2770 6187.82
2771 6194.37
2772 6192.97
2773 6195.41
2774 6190.92
2775 6195.33
2776 6195.25
2777 6194.87
2778 6190.18
2779 6189.33
2780 6191.76
2781 6194.41
2782 6194.20
2783 6191.25
2784 6188.53
2785 6191.09
2786 6191.97
2787 6194.50
2788 6188.61
2789 6189.50
2790 6203.43
2791 6219.59
2792 6234.15
2793 6230.18
2794 6237.12
2795 6240.22
2796 6246.18
2797 6255.12
2798 6263.50
2799 6268.13
2800 6268.13
2801 5995.50
2802 5995.50
2803 5995.50
2804 5995.50
2805 5979.07
2806 5984.34
2807 5987.46
2808 5986.64
2809 5989.81
2810 5990.33
2811 5993.18
2812 5990.85
2813 5990.43
2814 5990.80
2815 5991.42
2816 5990.98
2817 5990.01
2818 5989.36
2819 5990.64
2820 5991.21
2821 5992.56
2822 5991.37
2823 5992.06
2824 5989.61
2825 5989.17
2826 5988.04
2827 5989.64
2828 5989.21
2829 5988.24
2830 5987.97
2831 5987.96
2832 6002.75
2833 6086.25
2834 6135.37
2835 6155.40
2836 6164.70
2837 6165.57
2838 6168.14
2839 6164.87
2840 6166.40
2841 6165.40
2842 6165.09
2843 6163.08
2844 6159.15
2845 6152.05
2846 6140.75
2847 6127.72
2848 6133.20
2849 5966.28
2850 5966.28
2851 5968.99
2852 5972.99
2853 5977.28
2854 5979.82
2855 5980.01
2856 5978.41
2857 5978.20
2858 5976.03
2859 5976.12
2860 5975.10
2861 5977.38
2862 5977.57
2863 5978.11
2864 5977.71
2865 5977.86
2866 5978.22
2867 5977.65
2868 5977.47
2869 5977.29
2870 5977.66
2871 5976.70
2872 5976.48
2873 5975.28
2874 5974.56
2875 5973.32
2876 5971.70
2877 5969.39
2878 5978.57
2879 5997.92
2880 6024.52
2881 6038.01
2882 6044.05
2883 6040.44
2884 6030.20
2885 6013.94
2886 5985.81
2887 5995.50
2888 5971.83
2889  0.00
2890  0.00
2891  0.00
2892  0.00
2893  0.00
2894 5830.27
2895 5820.38
2896 5817.24
2897 5821.65
2898 5830.95
2899 5840.23
2900 5837.01
2901 5834.94
2902 5837.99
2903 5838.92
2904 5840.09
2905 5837.98
2906 5838.16
2907 5839.11
2908 5837.36
2909 5838.37
2910 5839.09
2911 5840.99
2912 5839.53
2913 5839.82
2914 5838.03
2915 5837.87
2916 5836.32
2917 5838.20
2918 5839.00
2919 5839.06
2920 5836.48
2921 5836.35
2922 5836.83
2923 5836.39
2924 5833.90
2925 5831.21
2926 5832.57
2927 5838.17
2928 5832.56
2929 5826.70
2930 5819.94
2931 5818.40
2932 5822.22
2933 5812.77
2934 5830.74
2935 5824.33
2936 5838.29
2937 5829.45
2938 6036.97
2939 6108.31
2940 6152.21
2941 6192.03
2942 6192.03
2943 6192.03
2944 6189.80
2945 6192.00
2946 6190.05
2947 6191.53
2948 6191.85
2949 6191.69
2950 6191.80
2951 6191.35
2952 6193.87
2953 6193.40
2954 6192.81
2955 6189.96
2956 6191.33
2957 6188.80
2958 6188.00
2959 6190.24
2960 6190.34
2961 6192.29
2962 6191.36
2963 6193.72
2964 6192.59
2965 6190.41
2966 6183.00
2967 6179.80
2968 6179.79
2969 6189.65
2970 6194.36
2971 6195.04
2972 6193.89
2973 6190.44
2974 6112.09
2975 5985.29
2976 5977.81
2977 5975.54
2978 5976.83
2979 5977.35
2980 5976.34
2981 5974.16
2982 5968.76
2983 5967.88
2984 5965.86
2985 5966.11
2986 5961.59
2987 5959.36
2988 5949.52
2989 5940.27
2990 5950.45
2991 5970.91
2992 5992.46
2993 6008.90
2994 6016.79
2995 6013.65
2996 6020.41
2997 6023.45
2998 6085.27
2999 5765.61
3000 5819.30
3001 5857.72
3002 5848.28
3003 5837.05
3004 5828.81
3005 5826.23
3006 5829.14
3007 5836.08
3008 5839.10
3009 5832.92
3010 5831.11
3011 5833.12
3012 5836.80
3013 5836.58
3014 5833.85
3015 5834.44
3016 5834.32
3017 5839.80
3018 5861.00
3019 5908.68
3020 5957.52
3021 5972.47
3022 5978.42
3023 5982.03
3024 5982.04
3025 5972.17
3026 5969.20
3027 5967.93
3028 5978.30
3029 5966.41
3030 5962.62
3031 5954.14
3032 5938.12
3033 5876.29
3034 5876.74
3035 5839.29
3036 5827.27
3037 5819.25
3038 5822.77
3039 5833.00
3040 5834.91
3041 5831.71
3042 5826.75
3043 5829.47
3044 5829.91
3045 5828.12
3046 5823.65
3047 5823.55
3048 5825.34
3049 5824.12
3050 5821.72
3051 5822.67
3052 5823.89
3053 5823.90
3054 5823.18
3055 5823.38
3056 5824.29
3057 5824.76
3058 5824.55
3059 5823.36
3060 5821.42
3061 5817.15
3062 5812.35
3063 5803.65
3064 5806.64
3065 5746.03
3066 5695.12
3067 5694.48
3068 5694.45
3069 5694.36
3070 5693.51
3071 5693.26
3072 5695.05
3073 5696.16
3074 5697.18
3075 5698.88
3076 5698.56
3077 5698.60
3078 5697.47
3079 5699.56
3080 5696.36
3081 5693.75
3082 5690.55
3083 5693.03
3084 5694.23
3085 5696.63
3086 5694.60
3087 5694.50
3088 5695.16
3089 5695.66
3090 5694.51
3091 5693.80
3092 5695.53
3093 5716.41
3094 5763.88
3095 5794.65
3096 5801.43
3097 5815.71
3098 5818.41
3099 5824.24
3100 5819.75
3101 5824.07
3102 5821.01
3103 5822.99
3104 5820.51
3105 5820.25
3106 5817.46
3107 5818.62
3108 5819.95
3109 5824.45
3110 5823.75
3111 5824.50
3112 5821.71
3113 5820.45
3114 5818.67
3115 5820.26
3116 5816.77
3117 5818.42
3118 5807.92
3119 5827.40
3120 5811.47
3121 5819.10
3122 5808.47
3123 5745.82
3124 5699.95
3125 5693.71
3126 5693.27
3127 5693.13
3128 5696.28
3129 5695.60
3130 5696.69
3131 5696.88
3132 5698.47
3133 5700.84
3134 5701.98
3135 5703.31
3136 5703.22
3137 5699.78
3138 5698.11
3139 5694.82
3140 5695.52
3141 5695.89
3142 5694.68
3143 5696.07
3144 5696.28
3145 5695.97
3146 5694.15
3147 5692.41
3148 5693.77
3149 5693.80
3150 5692.96
3151 5690.88
3152 5690.06
3153 5691.28
3154 5692.14
3155 5690.94
3156 5689.54
3157 5689.73
3158 5692.32
3159 5691.84
3160 5690.34
3161 5687.84
3162 5689.94
3163 5691.47
3164 5690.91
3165 5689.52
3166 5688.32
3167 5689.35
3168 5688.05
3169 5703.93
3170 5697.20
3171 5690.51
3172 5685.78
3173 5687.24
3174 5688.19
3175 5691.20
3176 5688.97
3177 5691.61
3178 5690.63
3179 5689.72
3180 5687.96
3181 5686.61
3182 5688.98
3183 5691.58
3184 5692.32
3185 5690.01
3186 5687.49
3187 5686.93
3188 5689.43
3189 5690.51
3190 5692.08
3191 5691.22
3192 5688.82
3193 5690.14
3194 5689.25
3195 5690.49
3196 5688.85
3197 5690.74
3198 5687.68
3199 5689.07
3200 5687.93
3201 5691.29
3202 5690.83
3203 5690.02
3204 5689.04
3205 5687.82
3206 5690.29
3207 5691.59
3208 5691.28
3209 5687.75
3210 5687.80
3211 5687.49
3212 5692.06
3213 5690.22
3214 5690.31
3215 5688.37
3216 5688.88
3217 5691.41
3218 5693.27
3219 5690.28
3220 5689.97
3221 5685.16
3222 5691.83
3223 5690.74
3224 5692.23
3225 5688.35
3226 5687.39
3227 5689.85
3228 5692.52
3229 5691.60
3230 5687.84
3231 5689.82
3232 5690.05
3233 5695.31
3234 5689.42
3235 5689.69
3236 5681.80
3237 5688.13
3238 5691.52
3239 5695.83
3240 5686.07
3241 5687.55
3242 5691.09
3243 5697.39
3244 5695.32
3245 5691.87
3246 5689.03
3247 5686.77
3248 5691.36
3249 5692.37
3250 5689.00
3251 5689.62
3252 5692.52
3253 5693.58
3254 5693.78
3255  0.00
3256  0.00
3257  0.00
3258  0.00
3259  0.00
3260  0.00
3261  0.00
3262  0.00
3263  0.00
3264  0.00
3265  0.00
3266  0.00
3267  0.00
3268  0.00
3269  0.00
3270  0.00
3271  0.00
3272  0.00
3273  0.00
3274  0.00
3275  0.00
3276  0.00
3277  0.00
3278  0.00
3279  0.00
3280  0.00
3281  0.00
3282  0.00
3283  0.00
3284  0.00
3285  0.00
3286  0.00
3287  0.00
3288  0.00
3289  0.00
3290  0.00
3291  0.00
3292  0.00
3293  0.00
3294  0.00
3295  0.00
3296  0.00
3297  0.00
3298  0.00
3299  0.00
3300  0.00
3301  0.00
3302  0.00
3303  0.00
3304  0.00
3305  0.00
3306  0.00
3307  0.00
3308  0.00
3309  0.00
3310  0.00
3311  0.00
3312  0.00
3313  0.00
3314  0.00
3315  0.00
3316  0.00
3317  0.00
3318  0.00
3319  0.00
3320  0.00
3321  0.00
3322  0.00
3323  0.00
3324  0.00
3325  0.00
3326  0.00
3327  0.00
3328  0.00
3329  0.00
3330  0.00
3331  0.00
3332  0.00
3333  0.00
3334  0.00
3335  0.00
3336  0.00
3337  0.00
3338  0.00
3339  0.00
3340  0.00
3341  0.00
3342  0.00
3343  0.00
3344  0.00
3345  0.00
3346  0.00
3347  0.00
3348  0.00
3349  0.00
3350  0.00
3351  0.00
3352  0.00
3353  0.00
3354  0.00
3355  0.00
3356  0.00
3357  0.00
3358  0.00
3359  0.00
3360  0.00
3361  0.00
3362  0.00
3363  0.00
3364  0.00
3365  0.00
3366  0.00
3367  0.00
3368  0.00
3369  0.00
3370  0.00
3371  0.00
3372  0.00
3373  0.00
3374  0.00
3375  0.00
3376  0.00
3377  0.00
3378  0.00
3379  0.00
3380  0.00
3381  0.00
3382  0.00
3383  0.00
3384  0.00
3385  0.00
3386  0.00
3387  0.00
3388  0.00
3389  0.00
3390  0.00
3391  0.00
3392  0.00
3393  0.00
3394  0.00
3395  0.00
3396  0.00
3397  0.00
3398  0.00
3399  0.00
3400  0.00
3401  0.00
3402  0.00
3403  0.00
3404  0.00
3405  0.00
3406  0.00
3407  0.00
3408  0.00
3409  0.00
3410  0.00
3411  0.00
3412  0.00
3413  0.00
3414  0.00
3415  0.00
3416  0.00
3417  0.00
3418  0.00
3419  0.00
3420  0.00
3421  0.00
3422  0.00
3423  0.00
3424  0.00
3425  0.00
3426  0.00
3427  0.00
3428  0.00
3429  0.00
3430  0.00
3431  0.00
3432  0.00
3433  0.00
3434  0.00
3435  0.00
3436  0.00
3437  0.00
3438  0.00
3439  0.00
3440  0.00
3441  0.00
3442  0.00
3443  0.00
3444  0.00
3445  0.00
3446  0.00
3447  0.00
3448  0.00
3449  0.00
3450  0.00
3451  0.00
3452  0.00
3453  0.00
3454  0.00
3455  0.00
3456  0.00
3457  0.00
3458  0.00
3459  0.00
3460  0.00
3461  0.00
3462  0.00
3463  0.00
3464  0.00
3465  0.00
3466  0.00
3467  0.00
3468  0.00
3469  0.00
3470  0.00
3471  0.00
3472  0.00
3473  0.00
3474  0.00
3475  0.00
3476  0.00
3477  0.00
3478  0.00
3479  0.00
3480  0.00
3481  0.00
3482  0.00
3483  0.00
3484  0.00
3485  0.00
3486  0.00
3487  0.00
3488  0.00
3489  0.00
3490  0.00
3491  0.00
3492  0.00
3493  0.00
3494  0.00
3495  0.00
3496  0.00
3497  0.00
3498  0.00
3499  0.00
3500  0.00
3501  0.00
3502  0.00
3503  0.00
3504  0.00
3505  0.00
3506  0.00
3507  0.00
3508  0.00
3509  0.00
3510  0.00
3511  0.00
3512  0.00
3513  0.00
3514  0.00
3515  0.00
