1  0.00
2  0.00
3  0.00
4  0.00
5  0.00
6  0.00
7  0.00
8  0.00
9  0.00
10  0.00
11  0.00
12  0.00
13 5694.18
14 5694.18
15 5697.34
16 5697.48
17 5698.36
18 5697.91
19 5699.06
20 5699.60
21 5697.92
22 5696.20
23 5698.09
24 5699.19
25 5698.98
26 5697.15
27 5694.20
28 5692.96
29 5691.45
30 5692.75
31 5692.90
32 5693.81
33 5693.25
34 5692.69
35 5692.22
36 5692.19
37 5693.75
38 5693.53
39 5693.32
40 5691.86
41 5693.24
42 5692.71
43 5693.40
44 5692.30
45 5694.07
46 5693.51
47 5693.70
48 5692.45
49 5692.80
50 5692.25
51 5691.44
52 5689.52
53 5690.41
54 5692.18
55 5695.36
56 5694.69
57 5695.49
58 5692.89
59 5692.86
60 5691.54
61 5692.43
62 5690.94
63 5691.74
64 5690.21
65 5691.15
66 5690.21
67 5690.76
68 5691.57
69 5691.77
70 5690.92
71 5690.63
72 5688.67
73 5690.33
74 5690.13
75 5693.56
76 5690.93
77 5689.66
78 5687.27
79 5691.30
80 5691.57
81 5691.32
82 5688.45
83 5689.98
84 5692.07
85 5693.59
86 5689.68
87 5687.99
88 5689.49
89 5693.57
90 5689.63
91 5684.68
92 5683.66
93 5688.94
94 5692.50
95 5688.41
96 5685.56
97 5687.41
98 5690.97
99 5691.76
100 5687.74
101 5688.10
102 5687.49
103 5691.04
104 5688.67
105 5688.12
106 5687.60
107 5689.76
108 5690.34
109 5689.42
110 5686.91
111 5687.98
112 5688.36
113 5689.31
114 5689.07
115 5689.51
116 5687.92
117 5689.64
118 5690.56
119 5688.29
120 5686.05
121 5686.52
122 5690.26
123 5690.41
124 5684.41
125 5684.55
126 5695.64
127 5792.73
128 5895.98
129 5913.47
130 5900.10
131 5904.34
132 5898.86
133 5894.93
134 5891.20
135 5894.22
136 5895.29
137 5896.05
138 5895.78
139 5897.44
140 5894.58
141 5894.43
142 5893.13
143 5895.76
144 5893.92
145 5894.08
146 5892.86
147 5894.32
148 5893.90
149 5892.85
150 5893.74
151 5893.92
152 5893.73
153 5893.17
154 5892.87
155 5894.36
156 5893.07
157 5892.90
158 5891.97
159 5893.01
160 5892.96
161 5892.69
162 5892.38
163 5892.52
164 5892.78
165 5892.77
166 5893.36
167 5893.54
168 5893.64
169 5893.71
170 5893.48
171 5894.64
172 5892.34
173 5893.05
174 5892.25
175 5894.57
176 5893.72
177 5894.18
178 5893.98
179 5893.78
180 5892.15
181 5893.05
182 5892.99
183 5893.69
184 5893.15
185 5893.96
186 5893.57
187 5893.79
188 5892.69
189 5893.31
190 5891.84
191 5892.83
192 5892.16
193 5893.77
194 5892.06
195 5892.38
196 5891.32
197 5892.94
198 5891.83
199 5893.17
200 5892.87
201 5893.74
202 5891.82
203 5891.55
204 5890.45
205 5892.79
206 5892.14
207 5894.49
208 5893.65
209 5894.60
210 5895.01
211 5891.10
212 5894.89
213 5892.63
214 5894.46
215 5892.35
216 5891.72
217 5897.15
218 5899.55
219 5904.16
220 5908.60
221 5918.40
222 6143.65
223 6054.12
224 6052.96
225 6054.26
226 6055.94
227 6058.42
228 6060.44
229 6062.47
230 6062.02
231 6061.72
232 6060.53
233 6060.92
234 6059.35
235 6059.18
236 6061.69
237 6061.42
238 6061.39
239 6059.02
240 6059.39
241 6058.89
242 6058.65
243 6057.06
244 6056.20
245 6055.26
246 6054.22
247 6053.97
248 6053.12
249 6050.64
250 6049.62
251 6049.25
252 6048.64
253 6046.73
254 6043.67
255 6041.57
256 6040.11
257 6041.24
258 6040.05
259 6040.45
260 6037.64
261 6035.82
262 6032.56
263 6031.46
264 6030.19
265 6028.57
266 6026.79
267 6024.14
268 6022.33
269 6020.52
270 6019.11
271 6014.90
272 6011.24
273 6006.91
274 6002.21
275 6006.76
276 5999.16
277 5992.47
278 5982.58
279 5970.08
280 5958.99
281 5941.79
282 5925.24
283 5906.71
284 5891.79
285 5876.61
286 5867.75
287 5884.22
288 5954.88
289 5895.98
290 5705.78
291 5698.69
292 5691.04
293 5695.63
294 5696.71
295 5698.80
296 5696.71
297 5695.35
298 5695.80
299 5698.92
300 5698.15
301 5698.90
302 5695.65
303 5694.26
304 5695.53
305 5694.75
306 5696.48
307 5695.35
308 5698.25
309 5698.20
310 5694.29
311 5694.70
312 5694.22
313 5697.13
314 5697.05
315 5696.54
316 5696.17
317 5696.03
318 5694.61
319 5696.31
320 5695.35
321 5697.20
322 5699.64
323 5697.28
324 5698.40
325 5696.01
326 5691.50
327 5692.37
328 5689.91
329 5697.97
330 5935.10
331 5917.72
332 5897.89
333 5888.31
334 5882.69
335 5883.39
336 5883.90
337 5884.37
338 5887.26
339 5891.36
340 5889.47
341 5886.37
342 5885.08
343 5886.62
344 5887.36
345 5888.09
346 5885.87
347 5887.57
348 5887.92
349 5890.03
350 5886.87
351 5886.51
352 5885.00
353 5885.52
354 5886.59
355 5886.61
356 5886.85
357 5885.81
358 5886.59
359 5887.40
360 5886.03
361 5885.83
362 5885.40
363 5886.51
364 5886.43
365 5886.18
366 5885.68
367 5886.09
368 5885.70
369 5885.86
370 5883.95
371 5883.85
372 5883.70
373 5882.94
374 5879.98
375 5876.61
376 5872.58
377 5875.80
378 5883.48
379 5888.73
380 5721.56
381 5697.13
382 5694.45
383 5698.40
384 5700.14
385 5698.50
386 5694.35
387 5692.76
388 5697.25
389 5696.66
390 5696.02
391 5693.71
392 5696.48
393 5693.51
394 5688.43
395 5690.33
396 5692.24
397 5694.30
398 5692.68
399 5693.74
400 5696.77
401 5694.42
402 5690.41
403 5692.52
404 5696.19
405 5698.04
406 5691.92
407 5692.79
408 5697.07
409 5698.13
410 5697.44
411 5692.68
412 5701.22
413 5700.33
414 5697.47
415 5693.06
416 5692.90
417 5695.12
418 5692.94
419 5692.96
420 5692.90
421 5693.64
422 5694.49
423 5693.42
424 5695.80
425 5694.80
426 5694.41
427 5696.57
428 5699.11
429 5704.65
430 5704.27
431 5708.74
432 5712.99
433 5713.98
434 5705.95
435 5730.10
436 5875.61
437 5877.07
438 5880.11
439 5874.33
440 5878.10
441 5883.61
442 5884.69
443 5890.05
444 5884.29
445 5893.23
446 5872.31
447 5895.51
448 6023.75
449 6036.82
450 6058.08
451 6066.87
452 6074.80
453 6078.62
454 6076.71
455 6080.33
456 6078.59
457 6080.31
458 6079.19
459 6076.71
460 6077.30
461 6081.52
462 6081.92
463 6081.05
464 6076.88
465 6077.49
466 6078.25
467 6079.04
468 6079.47
469 6078.66
470 6078.33
471 6077.84
472 6077.75
473 6078.63
474 6078.30
475 6077.83
476 6077.06
477 6075.98
478 6075.52
479 6075.63
480 6075.57
481 6074.79
482 6079.57
483 6198.24
484 6191.84
485 6195.95
486 6188.04
487 6191.60
488 6191.26
489 6190.48
490 6188.44
491 6185.34
492 6182.31
493 6181.20
494 6181.48
495 6183.03
496 6183.59
497 6183.05
498 6179.54
499 6187.05
500 6183.82
501 6190.08
502 6187.20
503 6189.30
504 6191.30
505 6189.06
506 6193.39
507 6192.28
508 6190.65
509 6192.60
510 6188.29
511 6191.27
512 6189.94
513 6190.33
514 6193.45
515 6188.64
516 6190.75
517 6189.49
518 6190.14
519 6192.78
520 6190.42
521 6193.54
522 6191.78
523 6193.53
524 6194.19
525 6193.28
526 6192.09
527 6191.81
528 6187.43
529 6194.40
530 6167.88
531 6335.18
532 6358.33
533 6365.75
534 6371.66
535 6374.28
536 6375.49
537 6376.03
538 6373.85
539 6372.72
540 6372.21
541 6372.77
542 6373.69
543 6375.97
544 6377.79
545 6377.57
546 6373.48
547 6370.95
548 6370.30
549 6369.85
550 6368.14
551 6368.66
552 6369.81
553 6372.26
554 6370.51
555 6370.90
556 6371.30
557 6373.56
558 6372.86
559 6371.03
560 6378.17
561 6397.19
562 6414.38
563 6422.83
564 6423.49
565 6434.64
566 6456.99
567 6445.69
568 6430.03
569 6411.41
570 6386.44
571 6356.06
572 6355.63
573 6342.34
574 6333.83
575 6261.75
576 6218.53
577 6210.56
578 6210.57
579 6206.55
580 6207.86
581 6207.61
582 6205.20
583 6206.00
584 6195.54
585 6199.22
586 6199.81
587 6198.86
588 6191.37
589 6193.85
590 6193.31
591 6194.47
592 6192.97
593 6197.90
594 6229.13
595 6397.25
596 6350.38
597 6360.95
598 6368.82
599 6372.62
600 6380.15
601 6380.87
602 6378.75
603 6395.51
604 6012.06
605 6024.07
606 6021.80
607 6029.81
608 6027.40
609 6036.04
610 6030.83
611 6032.70
612 6030.50
613 6032.99
614 6035.37
615 6036.84
616 6036.60
617 6035.70
618 6034.58
619 6034.72
620 6035.46
621 6035.24
622 6035.26
623 6034.40
624 6033.30
625 6032.76
626 6032.57
627 6034.60
628 6034.02
629 6035.25
630 6034.54
631 6034.42
632 6032.54
633 6033.20
634 6033.86
635 6035.05
636 6034.67
637 6036.42
638 6036.52
639 6037.84
640 6037.56
641 6037.57
642 6036.53
643 6032.83
644 6058.08
645 6044.09
646 6040.95
647 6041.77
648 6042.94
649 6046.33
650 6047.45
651 6047.39
652 6044.46
653 6045.14
654 6046.14
655 6051.90
656 6053.29
657 6056.39
658 6053.43
659 6050.66
660 6048.51
661 6049.77
662 6049.29
663 6048.94
664 6047.06
665 6046.18
666 6045.42
667 6044.28
668 6040.12
669 6036.59
670 6032.96
671 6033.37
672 6033.03
673 6032.82
674 6030.27
675 6026.55
676 6023.38
677 6020.88
678 6019.40
679 6019.13
680 6017.88
681 6014.45
682 6008.03
683 6005.07
684 6005.31
685 6004.71
686 5999.62
687 5993.57
688 5987.40
689 5985.44
690 5987.81
691 5986.06
692 5982.39
693 5948.14
694 5916.42
695 5910.34
696 5905.12
697 5902.39
698 5899.37
699 5899.44
700 5899.78
701 5903.09
702 5907.15
703 5905.19
704 5721.33
705 5696.44
706 5700.68
707 5700.32
708 5698.96
709 5695.37
710 5693.26
711 5694.10
712 5695.45
713 5696.19
714 5694.77
715 5690.42
716 5692.33
717 5693.27
718 5692.95
719 5689.51
720 5690.08
721 5691.48
722 5695.27
723 5694.08
724 5694.10
725 5693.34
726 5691.82
727 5691.40
728 5689.36
729 5694.98
730 5692.35
731 5692.99
732 5688.93
733 5687.87
734 5683.61
735 5678.76
736 5683.00
737 5682.28
738 5692.93
739 5905.00
740 5887.92
741 5886.72
742 5883.31
743 5879.74
744 5882.77
745 5878.13
746 5886.75
747 5885.02
748 5889.15
749 5885.50
750 5887.48
751 5886.43
752 5887.74
753 5886.35
754 5887.73
755 5888.55
756 5889.97
757 5890.85
758 5890.33
759 5890.22
760 5890.21
761 5889.93
762 5888.83
763 5889.27
764 5896.36
765 5917.80
766 5934.64
767 5943.36
768 5951.50
769 5959.65
770 5968.60
771 5974.25
772 5974.93
773 5980.55
774 5973.64
775 5975.00
776 5976.71
777 5978.79
778 5971.91
779 5967.78
780 5969.46
781 5963.15
782 5949.94
783 5942.45
784 5932.94
785 5922.10
786 5903.12
787 5711.19
788 5691.83
789 5697.80
790 5694.94
791 5691.39
792 5694.26
793 5697.05
794 5701.73
795 5693.24
796 5695.73
797 5700.53
798 5700.13
799 5691.46
800 5689.98
801 5691.90
802 5692.60
803 5688.44
804 5688.64
805 5694.82
806 5699.82
807 5697.96
808 5691.73
809 5694.91
810 5700.18
811 5695.95
812 5698.32
813 5692.18
814 5693.94
815 5689.92
816 5692.87
817 5695.37
818 5695.47
819 5696.67
820 5696.86
821 5697.07
822 5694.69
823 5693.73
824 5696.38
825 5697.32
826 5701.80
827 5697.55
828 5698.42
829 5700.22
830 5705.56
831 5704.68
832 5694.04
833 5697.92
834 5700.49
835 5706.47
836 5694.59
837 5701.83
838 5700.01
839 5707.65
840 5702.18
841 5700.79
842 5704.85
843 5703.93
844 5713.12
845 5712.61
846 5709.45
847 5704.85
848 5718.44
849 5738.91
850 5753.34
851 5747.19
852 5755.98
853 5774.60
854 5770.25
855 5755.47
856 5747.76
857 5749.59
858 5788.92
859 5790.71
860 5771.70
861 5774.60
862 5801.87
863 5809.14
864 5797.42
865 5799.78
866 5820.28
867 5829.57
868 5990.39
869  0.00
870  0.00
871  0.00
872  0.00
873  0.00
874  0.00
875  0.00
876  0.00
877  0.00
878  0.00
879  0.00
880  0.00
881  0.00
882  0.00
883  0.00
884  0.00
885  0.00
886  0.00
887  0.00
888  0.00
889  0.00
890  0.00
891  0.00
892  0.00
893  0.00
894  0.00
895  0.00
896  0.00
897  0.00
898  0.00
899  0.00
900  0.00
901  0.00
902  0.00
903  0.00
904  0.00
905  0.00
906  0.00
907  0.00
908  0.00
909  0.00
910  0.00
911  0.00
912  0.00
913  0.00
914  0.00
915  0.00
916  0.00
917  0.00
918  0.00
919  0.00
920  0.00
921  0.00
922  0.00
923  0.00
924  0.00
925  0.00
926  0.00
927  0.00
928  0.00
929  0.00
930  0.00
931  0.00
932  0.00
933  0.00
934  0.00
935  0.00
936  0.00
937  0.00
938  0.00
939  0.00
940  0.00
941  0.00
942  0.00
943  0.00
944  0.00
945  0.00
946  0.00
947  0.00
948  0.00
949  0.00
950  0.00
951  0.00
952  0.00
953  0.00
954 5696.71
955 5696.71
956 5699.41
957 5699.24
958 5699.21
959 5697.59
960 5697.83
961 5696.94
962 5697.64
963 5698.33
964 5699.99
965 5699.33
966 5698.43
967 5695.99
968 5695.35
969 5694.60
970 5694.88
971 5693.94
972 5694.82
973 5694.56
974 5695.54
975 5694.59
976 5694.72
977 5694.08
978 5694.88
979 5695.50
980 5695.83
981 5694.73
982 5694.35
983 5694.11
984 5694.73
985 5695.03
986 5695.31
987 5694.79
988 5695.61
989 5695.50
990 5695.68
991 5693.96
992 5694.07
993 5693.42
994 5693.72
995 5692.35
996 5694.10
997 5693.79
998 5695.07
999 5692.63
1000 5692.44
1001 5691.29
1002 5691.15
1003 5690.43
1004 5689.78
1005 5689.72
1006 5690.89
1007 5690.59
1008 5691.38
1009 5691.27
1010 5691.42
1011 5689.93
1012 5688.99
1013 5689.29
1014 5690.29
1015 5690.18
1016 5692.00
1017 5690.28
1018 5690.94
1019 5689.22
1020 5690.75
1021 5690.02
1022 5691.30
1023 5691.01
1024 5692.21
1025 5692.02
1026 5689.53
1027 5690.28
1028 5690.40
1029 5695.36
1030 5681.76
1031 5684.70
1032 5684.25
1033 5686.00
1034 5686.70
1035 5911.08
1036 5895.30
1037 5896.23
1038 5894.03
1039 5895.79
1040 5895.29
1041 5893.46
1042 5893.08
1043 5893.14
1044 5898.24
1045 5899.90
1046 5898.13
1047 5899.24
1048 5899.36
1049 5900.05
1050 5898.43
1051 5897.81
1052 5898.56
1053 5897.02
1054 5897.68
1055 5899.34
1056 5900.51
1057 5900.25
1058 5900.04
1059 5901.16
1060 5900.77
1061 5901.60
1062 5900.67
1063 5899.86
1064 5901.03
1065 5900.00
1066 5900.55
1067 5900.36
1068 5900.85
1069 5901.09
1070 5899.64
1071 5901.35
1072 5901.11
1073 5901.33
1074 5900.76
1075 5900.99
1076 5902.19
1077 5900.26
1078 5901.13
1079 5900.92
1080 5902.03
1081 5900.74
1082 5901.13
1083 5901.59
1084 5901.36
1085 5901.11
1086 5901.88
1087 5901.12
1088 5901.14
1089 5901.30
1090 5902.79
1091 5903.81
1092 5902.51
1093 5902.67
1094 5900.20
1095 5900.13
1096 5901.60
1097 5900.44
1098 5903.26
1099 5900.74
1100 5903.34
1101 5903.69
1102 5907.42
1103 5908.40
1104 5912.65
1105 5915.43
1106 6080.48
1107 6080.48
1108 6059.76
1109 6061.42
1110 6061.04
1111 6066.41
1112 6069.85
1113 6069.51
1114 6072.05
1115 6069.80
1116 6068.69
1117 6067.78
1118 6070.17
1119 6070.97
1120 6070.71
1121 6070.90
1122 6071.63
1123 6071.27
1124 6070.45
1125 6070.99
1126 6071.68
1127 6070.99
1128 6070.23
1129 6070.02
1130 6070.59
1131 6070.93
1132 6071.19
1133 6069.35
1134 6068.12
1135 6068.23
1136 6068.42
1137 6069.00
1138 6068.87
1139 6067.61
1140 6065.46
1141 6067.66
1142 6068.09
1143 6066.23
1144 6064.35
1145 6064.32
1146 6062.84
1147 6059.42
1148 6057.11
1149 6057.68
1150 6054.31
1151 6051.36
1152 6045.13
1153 6037.60
1154 6037.73
1155 6039.65
1156 6037.96
1157 6038.19
1158 6031.21
1159 6024.82
1160 6023.11
1161 6020.29
1162 6023.53
1163 6014.11
1164 6006.05
1165 5995.63
1166 5999.11
1167 6001.01
1168 5979.74
1169 5965.10
1170 5945.63
1171 5914.94
1172 5895.59
1173 5889.84
1174 5893.42
1175 5915.43
1176 5943.99
1177 5583.40
1178 5677.35
1179 5688.15
1180 5694.34
1181 5696.06
1182 5696.44
1183 5694.85
1184 5692.45
1185 5692.93
1186 5694.76
1187 5697.24
1188 5692.54
1189 5690.87
1190 5689.09
1191 5690.28
1192 5691.97
1193 5691.57
1194 5691.61
1195 5691.72
1196 5692.94
1197 5692.53
1198 5692.31
1199 5691.07
1200 5692.63
1201 5692.69
1202 5695.01
1203 5695.21
1204 5694.21
1205 5694.21
1206 5693.81
1207 5695.18
1208 5695.00
1209 5694.62
1210 5694.57
1211 5695.12
1212 5697.55
1213 5693.53
1214 5691.50
1215 5690.30
1216 5696.50
1217 5695.85
1218 5695.30
1219 5915.43
1220 5901.89
1221 5901.37
1222 5896.58
1223 5896.29
1224 5892.28
1225 5893.38
1226 5893.55
1227 5892.31
1228 5893.35
1229 5889.93
1230 5893.56
1231 5892.61
1232 5896.26
1233 5894.24
1234 5896.86
1235 5893.17
1236 5897.78
1237 5894.53
1238 5895.49
1239 5893.85
1240 5894.59
1241 5894.16
1242 5894.43
1243 5896.25
1244 5896.58
1245 5896.51
1246 5895.75
1247 5895.92
1248 5896.07
1249 5896.74
1250 5896.32
1251 5896.23
1252 5896.09
1253 5897.08
1254 5896.32
1255 5896.77
1256 5895.38
1257 5896.90
1258 5897.55
1259 5898.19
1260 5897.98
1261 5897.64
1262 5898.06
1263 5897.77
1264 5897.39
1265 5903.43
1266 5924.60
1267 5936.62
1268 5947.43
1269 5953.96
1270 5959.79
1271 5967.69
1272 5974.46
1273 5977.87
1274 5976.97
1275 5971.21
1276 5950.67
1277 5930.47
1278 5897.23
1279 5702.05
1280 5699.33
1281 5697.99
1282 5697.94
1283 5697.11
1284 5696.04
1285 5694.63
1286 5694.86
1287 5694.41
1288 5695.78
1289 5695.34
1290 5697.07
1291 5695.65
1292 5691.75
1293 5688.95
1294 5691.46
1295 5692.89
1296 5693.67
1297 5691.95
1298 5694.49
1299 5695.02
1300 5694.16
1301 5692.17
1302 5694.44
1303 5694.80
1304 5695.65
1305 5693.80
1306 5693.84
1307 5692.99
1308 5692.11
1309 5692.07
1310 5695.61
1311 5696.30
1312 5695.66
1313 5691.75
1314 5690.21
1315 5689.35
1316 5693.71
1317 5693.20
1318 5694.82
1319 5692.26
1320 5692.95
1321 5692.18
1322 5691.89
1323 5694.90
1324 5695.77
1325 5694.37
1326 5694.49
1327 5694.82
1328 5699.69
1329 5697.18
1330 5699.19
1331 5704.72
1332 5709.13
1333 5700.40
1334 5698.81
1335 5703.93
1336 5721.33
1337 5747.76
1338 5829.57
1339 5857.72
1340 5886.33
1341 5905.68
1342 5894.99
1343 5895.98
1344 5885.49
1345 5896.77
1346 5907.59
1347 5905.68
1348 5896.70
1349 5888.34
1350 5892.88
1351 5895.10
1352 5887.41
1353 5905.68
1354 5936.50
1355 5939.47
1356 5938.78
1357 5931.02
1358 5908.71
1359 5898.11
1360 5889.33
1361 5894.11
1362 5890.36
1363 5897.46
1364 5895.34
1365 5894.92
1366 5888.98
1367 5891.18
1368 5892.26
1369 5894.68
1370 5894.01
1371 5893.69
1372 5896.48
1373 5888.26
1374 5892.21
1375 6092.15
1376 6077.05
1377 6063.93
1378 6065.24
1379 6065.21
1380 6069.47
1381 6070.24
1382 6069.15
1383 6070.39
1384 6069.44
1385 6065.39
1386 6063.55
1387 6061.28
1388 6064.57
1389 6060.81
1390 6060.46
1391 6057.77
1392 6057.10
1393 6052.41
1394 6053.64
1395 6055.38
1396 6055.77
1397 6055.25
1398 6053.02
1399 6053.80
1400 6048.63
1401 6043.05
1402 6036.32
1403 6030.12
1404 6027.93
1405 6022.58
1406 6021.21
1407 6016.89
1408 6023.35
1409 6021.05
1410 6019.07
1411 6011.90
1412 5997.67
1413 5991.89
1414 5995.78
1415 6002.07
1416 6034.76
1417 6049.71
1418 6050.42
1419 6054.60
1420 6053.60
1421 6048.50
1422 6014.12
1423 5991.89
1424 5932.41
1425 5916.40
1426 5907.45
1427 5902.73
1428 5899.91
1429 5899.20
1430 5900.11
1431 5898.86
1432 5899.55
1433 5899.98
1434 5899.80
1435 5898.76
1436 5897.88
1437 5898.27
1438 5899.68
1439 5898.44
1440 5898.19
1441 5897.89
1442 5898.48
1443 5898.01
1444 5898.07
1445 5896.55
1446 5894.92
1447 5893.96
1448 5893.32
1449 5892.05
1450 5891.17
1451 5890.21
1452 5890.79
1453 5889.99
1454 5889.03
1455 5887.32
1456 5885.69
1457 5885.04
1458 5884.49
1459 5884.13
1460 5884.71
1461 5881.67
1462 5882.51
1463 5881.92
1464 5881.25
1465 5879.55
1466 5879.26
1467 5898.60
1468 5931.66
1469 5967.39
1470 5982.68
1471 5983.25
1472 5986.81
1473 5992.61
1474 5964.28
1475 5935.40
1476 5929.25
1477 5918.38
1478 5910.51
1479 5901.73
1480 5895.43
1481 5698.74
1482 5694.65
1483 5693.63
1484 5694.70
1485 5697.05
1486 5697.62
1487 5695.29
1488 5691.91
1489 5691.77
1490 5694.13
1491 5694.28
1492 5691.58
1493 5690.67
1494 5690.77
1495 5688.64
1496 5689.30
1497 5689.35
1498 5691.05
1499 5690.85
1500 5691.16
1501 5692.67
1502 5693.27
1503 5691.17
1504 5691.94
1505 5691.99
1506 5695.06
1507 5694.35
1508 5694.64
1509 5692.75
1510 5692.35
1511 5690.83
1512 5691.42
1513 5693.37
1514 5694.82
1515 5694.25
1516 5693.15
1517 5691.91
1518 5692.44
1519 5691.52
1520 5692.21
1521 5691.11
1522 5691.96
1523 5691.79
1524 5688.61
1525 5688.00
1526 5680.95
1527 5681.54
1528 5662.76
1529 5826.21
1530 5695.43
1531 5695.43
1532 5695.43
1533 5695.43
1534 5686.70
1535 5696.88
1536 5676.29
1537 5561.71
1538 5581.08
1539 5585.47
1540 5599.25
1541 5593.78
1542 5589.22
1543 5586.29
1544 5589.71
1545 5589.17
1546 5584.77
1547 5581.96
1548 5584.66
1549 5582.12
1550 5578.11
1551 5578.04
1552 5577.18
1553 5576.60
1554 5572.14
1555 5571.15
1556 5572.38
1557 5572.92
1558 5573.76
1559 5571.59
1560 5570.55
1561 5571.13
1562 5571.29
1563 5570.73
1564 5571.79
1565 5572.25
1566 5576.24
1567 5579.75
1568 5584.06
1569 5586.10
1570 5587.61
1571 5590.56
1572 5592.86
1573 5591.68
1574 5589.51
1575 5586.79
1576 5584.25
1577 5580.79
1578 5578.18
1579 5575.26
1580 5573.52
1581 5570.85
1582 5571.90
1583 5574.87
1584 5576.87
1585 5579.46
1586 5580.98
1587 5582.45
1588 5584.33
1589 5586.98
1590 5589.42
1591 5589.76
1592 5590.49
1593 5591.55
1594 5593.41
1595 5595.78
1596 5594.88
1597 5595.39
1598 5593.17
1599 5592.33
1600 5591.97
1601 5591.36
1602 5591.59
1603 5590.49
1604 5590.92
1605 5589.59
1606 5589.93
1607 5585.34
1608 5676.51
1609 5685.54
1610 5693.35
1611 5693.99
1612 5694.96
1613 5694.52
1614 5694.77
1615 5695.35
1616 5695.50
1617 5695.13
1618 5694.65
1619 5692.95
1620 5692.03
1621 5692.11
1622 5690.93
1623 5691.22
1624 5689.91
1625 5690.25
1626 5691.68
1627 5693.00
1628 5695.88
1629 5692.92
1630 5691.21
1631 5691.35
1632 5692.30
1633 5694.35
1634 5692.52
1635 5689.02
1636 5688.29
1637 5689.33
1638 5691.58
1639 5689.38
1640 5689.03
1641 5691.15
1642 5693.70
1643 5693.22
1644 5689.36
1645 5687.21
1646 5689.04
1647 5690.98
1648 5689.75
1649 5687.80
1650 5687.83
1651 5691.20
1652 5693.66
1653 5691.53
1654 5689.96
1655 5686.30
1656 5689.22
1657 5688.88
1658 5689.39
1659 5688.42
1660 5688.69
1661 5690.99
1662 5689.38
1663 5687.75
1664 5684.11
1665 5689.96
1666 5692.50
1667 5693.74
1668 5689.60
1669 5688.81
1670 5689.20
1671 5691.92
1672 5688.67
1673 5684.62
1674 5683.90
1675 5686.37
1676 5691.89
1677 5685.27
1678 5682.79
1679 5682.66
1680 5693.17
1681 5688.89
1682 5681.38
1683 5677.48
1684 5685.69
1685 5694.18
1686 5686.86
1687 5683.03
1688 5677.95
1689 5886.01
1690 5876.74
1691 5878.04
1692  0.00
1693  0.00
1694  0.00
1695  0.00
1696  0.00
1697  0.00
1698  0.00
1699  0.00
1700  0.00
1701  0.00
1702  0.00
1703  0.00
1704  0.00
1705  0.00
1706  0.00
1707  0.00
1708  0.00
1709  0.00
1710  0.00
1711  0.00
1712  0.00
1713  0.00
1714  0.00
1715  0.00
1716  0.00
1717  0.00
1718  0.00
1719  0.00
1720  0.00
1721  0.00
1722  0.00
1723  0.00
1724  0.00
1725  0.00
1726  0.00
1727  0.00
1728  0.00
1729  0.00
1730  0.00
1731  0.00
1732  0.00
1733  0.00
1734  0.00
1735  0.00
1736  0.00
1737  0.00
1738  0.00
1739  0.00
1740  0.00
1741  0.00
1742  0.00
1743  0.00
1744  0.00
1745  0.00
1746  0.00
1747  0.00
1748  0.00
1749  0.00
1750  0.00
1751  0.00
1752  0.00
1753  0.00
1754  0.00
1755  0.00
1756  0.00
1757  0.00
1758 5945.03
1759 5945.03
1760 5995.50
1761 5697.12
1762 5696.25
1763 5695.49
1764 5695.35
1765 5695.22
1766 5695.52
1767 5694.63
1768 5693.80
1769 5693.31
1770 5694.50
1771 5694.86
1772 5693.70
1773 5692.81
1774 5691.57
1775 5690.28
1776 5690.59
1777 5691.29
1778 5692.22
1779 5692.79
1780 5692.58
1781 5692.56
1782 5691.66
1783 5691.33
1784 5692.66
1785 5692.70
1786 5693.83
1787 5692.81
1788 5692.37
1789 5691.94
1790 5691.89
1791 5692.36
1792 5691.95
1793 5692.82
1794 5692.89
1795 5693.43
1796 5693.15
1797 5693.00
1798 5691.71
1799 5691.43
1800 5690.95
1801 5691.57
1802 5691.98
1803 5692.97
1804 5693.36
1805 5692.24
1806 5691.03
1807 5690.62
1808 5691.50
1809 5690.74
1810 5690.40
1811 5689.80
1812 5690.71
1813 5690.85
1814 5691.02
1815 5689.77
1816 5690.31
1817 5690.21
1818 5691.61
1819 5690.71
1820 5690.23
1821 5690.01
1822 5690.87
1823 5691.93
1824 5690.17
1825 5688.87
1826 5689.60
1827 5692.43
1828 5691.69
1829 5690.36
1830 5688.46
1831 5690.47
1832 5691.70
1833 5691.66
1834 5688.85
1835 5686.80
1836 5689.64
1837 5701.96
1838 5695.60
1839 5703.93
1840 5704.81
1841 5708.59
1842 5718.74
1843 5743.66
1844 5910.92
1845 5905.70
1846 5899.26
1847 5892.09
1848 5889.08
1849 5888.83
1850 5890.45
1851 5891.02
1852 5896.91
1853 5898.97
1854 5900.36
1855 5896.62
1856 5895.58
1857 5895.66
1858 5897.80
1859 5897.08
1860 5896.40
1861 5896.70
1862 5893.68
1863 5896.36
1864 5895.36
1865 5896.62
1866 5893.92
1867 5896.23
1868 5896.21
1869 5897.29
1870 5896.47
1871 5896.02
1872 5895.03
1873 5895.75
1874 5896.91
1875 5896.75
1876 5896.21
1877 5895.66
1878 5896.74
1879 5895.39
1880 5895.30
1881 5895.28
1882 5896.42
1883 5895.73
1884 5894.67
1885 5895.48
1886 5895.60
1887 5895.89
1888 5895.27
1889 5895.12
1890 5894.56
1891 5895.32
1892 5896.02
1893 5896.61
1894 5894.43
1895 5895.64
1896 5896.02
1897 5898.02
1898 5897.70
1899 5896.74
1900 5897.25
1901 5897.18
1902 5897.95
1903 5897.92
1904 5898.10
1905 5897.29
1906 5896.64
1907 5900.45
1908 5904.29
1909 5903.67
1910 5898.99
1911 5890.69
1912 5892.74
1913 5953.91
1914 6038.68
1915 6039.93
1916 6041.09
1917 6042.55
1918 6046.74
1919 6049.45
1920 6049.21
1921 6045.70
1922 6043.12
1923 6043.79
1924 6044.24
1925 6044.82
1926 6039.98
1927 6035.56
1928 6036.07
1929 6038.67
1930 6039.90
1931 6039.91
1932 6037.96
1933 6037.39
1934 6037.75
1935 6038.12
1936 6036.17
1937 6035.38
1938 6033.06
1939 6034.37
1940 6032.56
1941 6027.23
1942 6025.82
1943 6025.10
1944 6025.52
1945 6024.53
1946 6011.06
1947 6007.95
1948 6007.75
1949 6015.89
1950 6016.15
1951 6014.19
1952 6006.33
1953 6002.91
1954 6003.36
1955 6008.75
1956 6013.04
1957 6013.47
1958 6011.15
1959 6001.84
1960 5976.81
1961 5985.25
1962 5989.28
1963 5961.16
1964 5921.58
1965 5905.68
1966 5869.03
1967 5878.78
1968 5893.11
1969 5883.04
1970 5857.72
1971 5845.74
1972 5876.74
1973 5916.00
1974 5697.01
1975 5691.75
1976 5693.06
1977 5698.07
1978 5700.16
1979 5699.45
1980 5695.51
1981 5694.96
1982 5700.25
1983 5704.25
1984 5701.51
1985 5697.47
1986 5702.00
1987 5701.69
1988 5693.81
1989 5690.14
1990 5691.96
1991 5694.48
1992 5693.60
1993 5691.57
1994 5695.73
1995 5698.31
1996 5696.81
1997 5694.28
1998 5695.59
1999 5697.42
2000 5696.91
2001 5694.80
2002 5696.49
2003 5700.58
2004 5691.59
2005 5669.65
2006 5867.20
2007 5867.20
2008 5867.20
2009 5895.98
2010 5902.35
2011 5895.63
2012 5890.28
2013 5885.08
2014 5882.85
2015 5883.93
2016 5885.00
2017 5884.90
2018 5885.59
2019 5885.97
2020 5885.91
2021 5884.21
2022 5885.26
2023 5883.93
2024 5885.47
2025 5885.21
2026 5885.60
2027 5885.02
2028 5884.00
2029 5881.59
2030 5881.99
2031 5880.99
2032 5880.32
2033 5880.24
2034 5879.84
2035 5881.13
2036 5880.24
2037 5881.27
2038 5881.95
2039 5882.36
2040 5880.52
2041 5879.76
2042 5879.77
2043 5881.06
2044 5884.62
2045 5883.24
2046 5882.73
2047 5872.38
2048 5873.67
2049 5712.12
2050 5698.21
2051 5698.58
2052 5699.66
2053 5700.82
2054 5695.60
2055 5693.93
2056 5695.82
2057 5699.56
2058 5698.17
2059 5695.56
2060 5696.30
2061 5699.72
2062 5694.50
2063 5691.30
2064 5691.16
2065 5694.80
2066 5695.44
2067 5693.57
2068 5694.74
2069 5696.79
2070 5696.57
2071 5693.21
2072 5694.26
2073 5696.03
2074 5698.47
2075 5694.21
2076 5693.94
2077 5694.98
2078 5700.59
2079 5700.29
2080 5696.43
2081 5697.04
2082 5693.45
2083 5695.34
2084 5693.34
2085 5694.25
2086 5692.70
2087 5693.73
2088 5692.22
2089 5696.92
2090 6418.62
2091 6412.03
2092 6403.31
2093 6396.17
2094 6392.59
2095 6390.60
2096 6393.73
2097 6391.72
2098 6389.21
2099 6386.54
2100 6387.34
2101 6387.11
2102 6387.06
2103 6386.14
2104 6391.87
2105 6396.42
2106 6396.87
2107 6394.08
2108 6389.91
2109 6388.31
2110 6386.40
2111 6386.63
2112 6389.45
2113 6393.30
2114 6394.46
2115 6393.82
2116 6393.67
2117 6397.25
2118 6398.03
2119 6394.46
2120 4488.28
2121 4486.43
2122 4487.34
2123 4487.72
2124 4489.49
2125 4487.90
2126 4486.61
2127 4485.68
2128 4485.62
2129 4486.95
2130 4486.50
2131 4487.62
2132 4488.99
2133 4491.12
2134 4491.84
2135 4495.35
2136 4491.41
2137 6405.46
2138 6401.54
2139 6403.28
2140 6432.26
2141 6476.56
2142 6531.52
2143 6503.74
2144 6531.52
2145 6514.49
2146 6517.62
2147 6490.14
2148 6457.12
2149 6463.08
2150 6476.56
2151 6485.89
2152 6490.14
2153 6422.00
2154 6405.74
2155 6397.91
2156 6393.67
2157 6395.89
2158 6393.79
2159 6394.61
2160 6390.80
2161 6391.57
2162 6389.64
2163 6388.07
2164 6387.70
2165 6389.40
2166 6394.75
2167 6397.61
2168 6396.10
2169 6391.97
2170 6388.12
2171 6383.31
2172 6382.58
2173 6382.90
2174 6381.03
2175 6384.77
2176 6380.99
2177 6384.43
2178 6377.21
2179 6378.25
2180 6388.47
2181 6401.74
2182 6420.13
2183 6426.81
2184 6434.53
2185 6420.25
2186 6424.97
2187 6430.49
2188 6457.51
2189 6470.81
2190 6260.67
2191 6195.31
2192 6192.96
2193 6192.29
2194 6194.06
2195 6197.62
2196 6197.57
2197 6198.62
2198 6196.78
2199 6199.39
2200 6195.37
2201 6196.92
2202 6195.54
2203 6196.95
2204 6194.86
2205 6195.46
2206 6196.44
2207 6194.40
2208 6194.53
2209 6194.62
2210 6195.07
2211 6193.10
2212 6193.91
2213 6193.99
2214 6194.99
2215 6194.05
2216 6194.32
2217 6193.38
2218 6193.83
2219 6193.18
2220 6193.97
2221 6194.10
2222 6193.37
2223 6193.09
2224 6192.19
2225 6193.00
2226 6192.67
2227 6193.80
2228 6193.81
2229 6193.96
2230 6192.29
2231 6192.20
2232 6192.48
2233 6194.43
2234 6194.22
2235 6193.90
2236 6193.69
2237 6194.33
2238 6194.24
2239 6195.11
2240 6195.03
2241 6195.66
2242 6195.44
2243 6196.83
2244 6201.42
2245 6197.97
2246 6196.71
2247 6194.47
2248 6197.73
2249 6204.55
2250 6358.92
2251 6396.07
2252 6395.23
2253 6398.57
2254 6405.87
2255 6412.29
2256 6416.08
2257 6414.59
2258 6410.22
2259 6200.82
2260 6201.98
2261 6197.37
2262 6207.77
2263 6215.11
2264 6218.25
2265 6217.11
2266 6215.21
2267 6213.00
2268 6209.52
2269 6202.54
2270 6198.96
2271 6198.80
2272 6193.76
2273 6196.33
2274 6197.87
2275 6198.35
2276 6194.85
2277 6193.45
2278 6194.64
2279 6194.78
2280 6193.37
2281 6192.19
2282 6194.48
2283 6200.70
2284 6213.72
2285 6309.10
2286 6363.93
2287 6367.33
2288 6371.08
2289 6376.98
2290 6380.89
2291 6376.58
2292 6373.15
2293 6368.39
2294 6372.61
2295 6047.50
2296 6047.50
2297 6049.52
2298 6058.08
2299 6058.87
2300 6062.93
2301 6056.17
2302 6053.35
2303 6053.75
2304 6056.68
2305 6056.94
2306 6053.29
2307 6052.64
2308 6050.81
2309 6051.19
2310 6048.25
2311 6049.17
2312 6047.44
2313 6047.37
2314 6046.57
2315 6046.91
2316 6048.55
2317 6050.02
2318 6050.92
2319 6048.02
2320 6048.86
2321 6051.40
2322 6054.97
2323 6055.86
2324 6057.30
2325 6058.56
2326 6060.94
2327 6061.46
2328 6062.97
2329 6064.92
2330 6067.21
2331 6068.58
2332 6066.88
2333 6065.52
2334 6063.36
2335 6059.15
2336 6057.35
2337 6054.43
2338 6053.87
2339 6052.51
2340 6053.38
2341 6052.91
2342 6054.11
2343 6054.11
2344 6067.15
2345 6067.15
2346 6067.15
2347 6067.15
2348 6065.22
2349 6061.46
2350 6076.03
2351 6072.67
2352 6073.16
2353 6072.89
2354 6081.33
2355 6120.67
2356 6168.91
2357 6179.90
2358 6196.95
2359 6204.00
2360 6207.22
2361 6205.77
2362 6202.24
2363 6211.65
2364 6218.00
2365 6251.35
2366 6064.75
2367 6064.75
2368 6052.79
2369 6055.96
2370 6058.09
2371 6062.43
2372 6062.77
2373 6059.12
2374 6057.21
2375 6052.50
2376 6048.77
2377 6041.83
2378 6037.20
2379 6034.03
2380 6035.72
2381 6037.16
2382 6038.31
2383 6038.78
2384 6037.83
2385 6037.64
2386 6034.30
2387 6033.85
2388 6035.50
2389 6039.39
2390 6042.71
2391 6046.08
2392 6050.10
2393 6058.91
2394 6067.08
2395 6064.81
2396 6061.51
2397 6062.53
2398 6065.20
2399 6071.92
2400 6072.66
2401 6068.03
2402 6065.11
2403 6061.96
2404 6058.26
2405 6055.41
2406 6053.96
2407 6050.40
2408 6049.49
2409 6050.02
2410 6055.70
2411 6055.66
2412 6052.93
2413 6050.49
2414 6053.67
2415 6070.73
2416 5935.46
2417 5906.24
2418 5899.18
2419 5889.87
2420 5892.10
2421 5893.67
2422 5894.16
2423 5894.07
2424 5895.07
2425 5899.18
2426 5898.30
2427 5897.04
2428 5897.49
2429 5897.92
2430 5900.73
2431 5899.20
2432 5898.77
2433 5900.45
2434 5901.12
2435 5902.18
2436 5901.84
2437 5900.50
2438 5899.33
2439 5899.70
2440 5899.57
2441 5898.16
2442 5898.38
2443 5896.15
2444 5895.53
2445 5896.28
2446 5896.45
2447 5895.85
2448 5894.36
2449 5894.72
2450 5894.40
2451 5893.61
2452 5895.21
2453 5895.18
2454 5895.38
2455 5895.35
2456 5895.06
2457 5896.08
2458 5895.37
2459 5897.21
2460 5897.10
2461 5897.01
2462 5896.60
2463 5898.05
2464 5897.74
2465 5896.07
2466 5888.61
2467 5952.34
2468 5991.62
2469 6027.03
2470 6051.05
2471 6059.98
2472 6056.89
2473 6057.35
2474 6049.97
2475 6011.69
2476 5976.99
2477 5960.87
2478 5906.61
2479 5891.51
2480 5884.45
2481 5884.76
2482 5884.91
2483 5886.68
2484 5883.31
2485 5885.20
2486 5888.28
2487 5890.58
2488 5889.93
2489 5887.24
2490 5887.07
2491 5887.03
2492 5888.33
2493 5888.56
2494 5887.64
2495 5887.90
2496 5886.67
2497 5886.40
2498 5886.59
2499 5886.21
2500 5885.63
2501 5884.87
2502 5884.75
2503 5885.09
2504 5885.01
2505 5885.86
2506 5885.08
2507 5885.25
2508 5885.30
2509 5885.83
2510 5886.03
2511 5886.44
2512 5886.03
2513 5889.02
2514 5887.44
2515 5889.03
2516 5890.05
2517 5909.18
2518 5894.42
2519 5889.93
2520 5888.12
2521 5898.89
2522 5927.79
2523 5965.06
2524 5973.16
2525 5973.31
2526 5971.90
2527 5977.07
2528 5987.75
2529 6008.33
2530 6024.62
2531 6044.95
2532 6049.84
2533 6048.72
2534 6042.77
2535 6040.88
2536 6047.54
2537 6056.05
2538 6056.83
2539 6058.98
2540 6062.16
2541 6059.12
2542 6053.65
2543 6047.12
2544 6051.68
2545 6046.25
2546 6044.68
2547 6039.53
2548 6045.37
2549 6043.04
2550 6043.65
2551 6043.07
2552 6053.57
2553 6054.85
2554 6053.02
2555 6054.96
2556 6055.77
2557 6055.39
2558 6053.75
2559 6053.00
2560 6052.38
2561 6045.90
2562 6033.05
2563 6027.02
2564 6024.31
2565 6019.49
2566 6021.52
2567 6017.14
2568 6016.15
2569 6013.85
2570 6044.75
2571 6017.83
2572 6001.44
2573 5987.21
2574 5964.81
2575 5923.09
2576 5888.19
2577 5895.13
2578 5917.06
2579 5941.31
2580 5965.04
2581 5965.04
2582 5699.81
2583 5699.81
2584 5697.52
2585 5694.40
2586 5695.57
2587 5695.85
2588 5695.09
2589 5694.71
2590 5694.56
2591 5694.79
2592 5692.16
2593 5693.37
2594 5692.27
2595 5690.33
2596 5690.54
2597 5691.06
2598 5693.16
2599 5692.40
2600 5691.29
2601 5692.36
2602 5693.61
2603 5693.64
2604 5692.83
2605 5691.89
2606 5696.08
2607 5696.08
2608 5694.78
2609 5691.55
2610 5691.58
2611 5693.53
2612 5694.55
2613 5694.14
2614 5693.98
2615 5693.64
2616 5694.45
2617 5694.26
2618 5693.63
2619 5693.00
2620 5692.06
2621 5692.57
2622 5692.15
2623 5695.97
2624 5696.71
2625 5696.95
2626 5921.85
2627 5920.26
2628 5918.43
2629 5922.57
2630 5923.50
2631 5921.97
2632 5915.97
2633 5714.77
2634 5713.29
2635 5714.26
2636 5713.51
2637 5706.32
2638 5699.91
2639 5698.52
2640 5696.96
2641 5699.87
2642 5702.39
2643 5864.19
2644 5870.20
2645 5868.89
2646 5721.61
2647 5765.61
2648 5820.28
2649 5811.05
2650 5746.09
2651 5695.27
2652 5695.90
2653 5697.41
2654 5696.67
2655 5696.40
2656 5694.89
2657 5696.03
2658 5694.45
2659 5694.01
2660 5693.99
2661 5696.59
2662 5695.53
2663 5693.33
2664 5692.37
2665 5692.75
2666 5693.61
2667 5692.83
2668 5694.86
2669 5695.88
2670 5696.01
2671 5693.24
2672 5691.92
2673 5692.94
2674 5693.12
2675 5692.97
2676 5691.91
2677 5692.00
2678 5693.06
2679 5694.60
2680 5693.95
2681 5693.76
2682 5693.99
2683 5694.15
2684 5692.98
2685 5692.55
2686 5692.52
2687 5692.36
2688 5692.14
2689 5692.56
2690 5692.83
2691 5692.47
2692 5691.78
2693 5692.47
2694 5693.64
2695 5695.72
2696 5692.50
2697 5691.61
2698 5693.25
2699 5693.64
2700 5693.92
2701 5690.45
2702 5692.93
2703 5694.47
2704 5694.33
2705 5690.55
2706 5689.80
2707 5692.23
2708 5693.99
2709 5694.06
2710 5688.63
2711 5692.54
2712 5692.28
2713 5697.55
2714 5691.22
2715 5690.09
2716 5689.96
2717 5692.49
2718 5693.29
2719 5691.03
2720 5689.91
2721 5690.07
2722 5694.71
2723 5691.95
2724 5690.90
2725 5689.24
2726 5694.73
2727 5696.81
2728 5691.33
2729 5692.06
2730 5691.76
2731 5698.90
2732 5695.40
2733 5693.76
2734 5692.01
2735 5697.19
2736 5698.79
2737 5706.03
2738 5704.54
2739 5703.36
2740 5701.61
2741 5713.65
2742 5719.86
2743 5712.36
2744 5706.32
2745 5721.14
2746 5721.04
2747 5730.10
2748 5728.25
2749 5727.64
2750 5731.46
2751 5729.89
2752 5728.75
2753 5729.41
2754 5729.89
2755 5739.95
2756 5730.10
2757 5726.87
2758 5735.48
2759 5756.66
2760 5756.66
2761  0.00
2762  0.00
2763  0.00
2764  0.00
2765  0.00
2766  0.00
2767  0.00
2768  0.00
2769  0.00
2770  0.00
2771  0.00
2772  0.00
2773  0.00
2774  0.00
2775  0.00
2776  0.00
2777  0.00
2778  0.00
2779  0.00
2780  0.00
2781  0.00
2782  0.00
2783  0.00
2784  0.00
2785  0.00
2786  0.00
2787  0.00
2788  0.00
2789  0.00
2790  0.00
2791  0.00
2792  0.00
2793  0.00
2794  0.00
2795  0.00
2796  0.00
2797  0.00
2798  0.00
2799  0.00
2800  0.00
2801  0.00
2802  0.00
2803  0.00
2804  0.00
2805 5946.24
2806 5946.24
2807 5946.24
2808 5946.24
2809 5697.23
2810 5701.25
2811 5698.57
2812 5699.59
2813 5699.11
2814 5698.98
2815 5697.62
2816 5697.00
2817 5698.94
2818 5699.56
2819 5700.35
2820 5700.41
2821 5700.03
2822 5698.31
2823 5695.71
2824 5694.12
2825 5693.03
2826 5693.84
2827 5694.69
2828 5694.88
2829 5694.79
2830 5695.07
2831 5695.38
2832 5695.85
2833 5694.88
2834 5694.89
2835 5694.42
2836 5694.42
2837 5694.94
2838 5694.98
2839 5695.05
2840 5694.89
2841 5695.12
2842 5695.41
2843 5694.37
2844 5693.51
2845 5693.78
2846 5694.30
2847 5693.55
2848 5692.03
2849 5691.28
2850 5692.36
2851 5693.10
2852 5695.88
2853 5700.36
2854 5701.18
2855 5697.65
2856 5697.14
2857 5834.74
2858 5898.92
2859 5896.08
2860 5889.81
2861 5875.40
2862 5879.46
2863 5903.59
2864 5945.03
2865 5965.04
2866 5921.54
2867 5955.00
2868 6049.14
2869 6052.73
2870 6054.19
2871 6054.49
2872 6057.38
2873 6058.04
2874 6063.26
2875 6062.22
2876 6056.44
2877 6051.97
2878 6052.80
2879 6055.41
2880 6058.76
2881 6058.73
2882 6058.51
2883 6057.19
2884 6057.54
2885 6056.92
2886 6060.38
2887 6059.85
2888 6057.66
2889 6055.13
2890 6054.55
2891 6057.41
2892 6056.04
2893 6056.33
2894 6056.37
2895 6056.60
2896 6055.97
2897 6056.18
2898 6055.56
2899 6055.28
2900 6055.33
2901 6055.60
2902 6052.14
2903 6213.56
2904 6197.84
2905 6196.31
2906 6192.43
2907 6191.93
2908 6195.61
2909 6195.77
2910 6195.80
2911 6191.96
2912 6192.97
2913 6194.68
2914 6194.12
2915 6191.39
2916 6189.28
2917 6187.52
2918 6190.73
2919 6192.77
2920 6193.62
2921 6193.83
2922 6193.07
2923 6193.09
2924 6193.58
2925 6194.40
2926 6193.46
2927 6194.59
2928 6194.45
2929 6195.16
2930 6194.33
2931 6194.36
2932 6195.26
2933 6195.04
2934 6195.80
2935 6194.07
2936 6193.44
2937 6193.62
2938 6197.03
2939 6199.52
2940 6211.13
2941 6216.16
2942 6223.16
2943 6211.99
2944 6209.55
2945 6199.77
2946 6201.06
2947 6037.51
2948 6023.46
2949 6035.27
2950 6042.35
2951 6063.19
2952 6062.73
2953 6061.61
2954 6054.61
2955 6056.42
2956 6058.10
2957 6055.54
2958 6053.78
2959 6047.47
2960 6047.99
2961 6043.40
2962 6046.22
2963 6044.54
2964 6045.75
2965 6042.64
2966 6040.49
2967 6038.10
2968 6037.26
2969 6036.55
2970 6035.75
2971 6035.00
2972 6033.30
2973 6032.76
2974 6029.64
2975 6028.46
2976 6025.65
2977 6026.37
2978 6026.23
2979 6024.70
2980 6024.10
2981 6023.96
2982 6020.76
2983 6015.53
2984 6009.45
2985 6006.17
2986 5974.65
2987 5925.38
2988 5905.68
2989 5882.76
2990 5883.38
2991 5883.26
2992 5872.62
2993 5864.75
2994 5858.15
2995 5876.74
2996 5895.98
2997 5678.15
2998 5691.96
2999 5694.73
3000 5695.46
3001 5694.53
3002 5694.30
3003 5695.99
3004 5697.04
3005 5695.05
3006 5695.27
3007 5696.34
3008 5697.15
3009 5695.40
3010 5692.35
3011 5692.11
3012 5692.74
3013 5691.87
3014 5691.56
3015 5693.61
3016 5697.69
3017 5698.18
3018 5692.87
3019 5691.62
3020 5692.23
3021 5694.24
3022 5693.82
3023 5693.38
3024 5692.33
3025 5692.45
3026 5691.10
3027 5693.09
3028 5693.58
3029 5693.80
3030 5694.40
3031 5694.54
3032 5692.28
3033 5691.92
3034 5690.92
3035 5690.96
3036 5691.35
3037 5688.83
3038 5703.93
3039 6545.54
3040 6544.43
3041 6559.67
3042 6571.69
3043 6569.95
3044 6563.87
3045 6563.06
3046 6573.92
3047 6583.27
3048 6590.17
3049 6602.78
3050 6586.58
3051 6602.78
3052  0.00
3053  0.00
3054  0.00
3055  0.00
3056  0.00
3057  0.00
3058  0.00
3059 6631.10
3060 6655.12
3061 6646.98
3062 6630.50
3063 6651.34
3064 6666.48
3065 6684.70
3066 6643.97
3067 6656.32
3068 6632.12
3069 6613.76
3070 6632.12
3071 6531.03
3072 6417.97
3073 6420.92
3074 6409.64
3075 6405.80
3076 6401.82
3077 6404.01
3078 6407.98
3079 6408.28
3080 6406.06
3081 6398.08
3082 6399.74
3083 6398.04
3084 6398.68
3085 6405.04
3086 6403.42
3087 6404.30
3088 6400.81
3089 6400.65
3090 6398.54
3091 6397.90
3092 6395.80
3093 6392.61
3094 6391.47
3095 6390.77
3096 6391.99
3097 6392.40
3098 6392.43
3099 6391.03
3100 6389.34
3101 6389.90
3102 6391.56
3103 6390.27
3104 6393.36
3105 6390.01
3106 6393.47
3107 6391.47
3108 6394.13
3109 6389.88
3110 6382.91
3111 6386.44
3112 6391.22
3113 6393.56
3114 6393.42
3115 6393.15
3116 6392.57
3117 6392.31
3118 6392.95
3119 6393.83
3120 6396.63
3121 6401.50
3122 6402.82
3123 6404.10
3124 6382.88
3125 6391.16
3126 6398.67
3127 6398.16
3128 6390.81
3129 6387.98
3130 6391.58
3131 6393.55
3132 6392.37
3133 6386.08
3134 6383.72
3135 6383.28
3136 6383.50
3137 6385.22
3138 6380.18
3139 6382.18
3140 6381.23
3141 6382.59
3142 6382.09
3143 6378.33
3144 6375.85
3145 6376.48
3146 6374.16
3147 6396.70
3148 6396.70
3149 6400.39
3150 6397.25
3151 6407.87
3152 6397.26
3153 6420.62
3154 6420.32
3155 6449.44
3156 6474.81
3157 6490.14
3158 6491.16
3159 6489.84
3160 6489.80
3161 6444.93
3162 6397.25
3163 6393.37
3164 6391.26
3165 6390.57
3166 6387.04
3167 6384.55
3168 6382.74
3169 6381.89
3170 6381.36
3171 6380.25
3172 6379.59
3173 6379.95
3174 6378.83
3175 6381.17
3176 6384.20
3177 6388.20
3178 6387.81
3179 6383.08
3180 6376.71
3181 6374.96
3182 6375.55
3183 6376.53
3184 6390.29
3185 6395.61
3186 6403.07
3187 6401.47
3188 6418.43
3189 6432.42
3190 6447.82
3191 6458.44
3192 6460.47
3193 6264.98
3194 6191.11
3195 6201.98
3196 6195.09
3197 6207.47
3198 6203.55
3199 6198.77
3200 6198.23
3201 6201.11
3202 6203.33
3203 6198.05
3204 6199.01
3205 6203.12
3206 6205.58
3207 6206.01
3208 6201.62
3209 6201.25
3210 6199.95
3211 6204.57
3212 6204.60
3213 6203.37
3214 6198.68
3215 6199.23
3216 6206.10
3217 6204.72
3218 6202.87
3219 6197.26
3220 6199.39
3221 6201.85
3222 6199.91
3223 6197.98
3224 6197.14
3225 6198.66
3226 6199.70
3227 6198.88
3228 6195.41
3229 6195.69
3230 6195.08
3231 6195.49
3232 6193.94
3233 6194.70
3234 6195.65
3235 6195.53
3236 6193.70
3237 6205.93
3238 6206.09
3239 6205.83
3240 6198.95
3241 6196.21
3242 6197.76
3243 6197.89
3244 6196.30
3245 6191.23
3246 6183.02
3247 6191.08
3248 6192.01
3249 6195.10
3250 6200.96
3251 6207.17
3252 6229.02
3253 6346.33
3254 6346.33
3255 6346.33
3256 6374.01
3257 6388.53
3258 6382.29
3259 6373.11
3260 6468.20
3261 6169.59
3262 6178.23
3263 6184.88
3264 6196.88
3265 6201.90
3266 6203.40
3267 6202.03
3268 6197.80
3269 6197.09
3270 6196.91
3271 6194.78
3272 6193.24
3273 6195.31
3274 6194.13
3275 6194.77
3276 6193.99
3277 6196.12
3278 6194.60
3279 6195.01
3280 6195.57
3281 6192.54
3282 6191.99
3283 6214.00
3284 6272.65
3285 6306.66
3286 6324.61
3287 6334.80
3288 6359.45
3289 6356.60
3290 6351.85
3291 6347.64
3292 6345.03
3293 6225.21
3294 6046.71
3295 6039.17
3296 6038.29
3297 6040.58
3298 6048.70
3299 6053.76
3300 6050.49
3301 6044.76
3302 6043.95
3303 6047.41
3304 6052.82
3305 6049.11
3306 6049.49
3307 6052.67
3308 6056.22
3309 6051.65
3310 6049.45
3311 6049.36
3312 6050.69
3313 6053.00
3314 6050.14
3315 6051.58
3316 6050.50
3317 6053.96
3318 6052.83
3319 6052.64
3320 6051.53
3321 6052.51
3322 6052.62
3323 6053.01
3324 6053.98
3325 6056.22
3326 6058.27
3327 6055.60
3328 6053.90
3329 6052.38
3330 6052.40
3331 6053.13
3332 6054.07
3333 6054.94
3334 6054.48
3335 6053.47
3336 6051.40
3337 6052.83
3338 6052.80
3339 6054.37
3340 6053.18
3341 6053.35
3342 6052.35
3343 6054.29
3344 6054.46
3345 6055.82
3346 6052.29
3347 6050.67
3348 6049.49
3349 6054.43
3350 6055.60
3351 6054.15
3352 6035.42
3353 5983.46
3354 6040.68
3355 6058.08
3356 6035.13
3357 6036.60
3358 6037.09
3359 6043.22
3360 6048.94
3361 6053.50
3362 6047.96
3363 6045.08
3364 6043.32
3365 6044.30
3366 6043.03
3367 6038.59
3368 6035.73
3369 6034.93
3370 6030.94
3371 6028.77
3372 6022.71
3373 6018.02
3374 6013.54
3375 6011.09
3376 6010.14
3377 6011.04
3378 6012.29
3379 6013.25
3380 6013.38
3381 6012.78
3382 6011.34
3383 6009.03
3384 6008.96
3385 6011.70
3386 6014.96
3387 6016.48
3388 6015.27
3389 6014.47
3390 6009.53
3391 6003.66
3392 6001.79
3393 6004.47
3394 6003.33
3395 5923.61
3396 5891.28
3397 5888.09
3398 5885.77
3399 5898.72
3400 5889.25
3401 5894.31
3402 5885.66
3403 5892.62
3404 5884.91
3405 5884.54
3406 5881.80
3407 5881.78
3408 5883.02
3409 5882.79
3410 5883.88
3411 5882.10
3412 5882.81
3413 5883.32
3414 5881.72
3415 5882.64
3416 5883.06
3417 5884.17
3418 5884.65
3419 5884.45
3420 5885.31
3421 5883.85
3422 5884.56
3423 5884.80
3424 5885.13
3425 5885.09
3426 5885.16
3427 5886.17
3428 5886.68
3429 5887.57
3430 5887.63
3431 5889.43
3432 5889.29
3433 5890.95
3434 5889.17
3435 5890.22
3436 5889.21
3437 5890.59
3438 5890.20
3439 5891.44
3440 5891.64
3441 5891.43
3442 5891.19
3443 5891.24
3444 5891.69
3445 5892.29
3446 5894.20
3447 5901.13
3448 5923.37
3449 5907.46
3450 5918.88
3451 5965.04
3452 6004.27
3453 6017.84
3454 6020.16
3455 6020.23
3456 6008.43
3457 6003.30
3458 5997.81
3459 6006.03
3460 5951.31
3461 5917.24
3462 5899.49
3463 5892.91
3464 5890.62
3465 5892.00
3466 5884.67
3467 5886.45
3468 5890.54
3469 5894.75
3470 5893.46
3471 5894.94
3472 5890.88
3473 5890.09
3474 5889.40
3475 5890.05
3476 5892.78
3477 5893.09
3478 5894.62
3479 5894.55
3480 5895.28
3481 5895.26
3482 5893.24
3483 5894.16
3484 5893.16
3485 5895.78
3486 5894.63
3487 5896.61
3488 5896.96
3489 5897.05
3490 5895.82
3491 5892.26
3492 5891.46
3493 5903.49
3494 5921.14
3495 5933.33
3496 5930.41
3497 5916.39
3498 5952.75
3499 5918.08
3500 5943.70
3501 5961.85
3502 5992.82
3503 6002.86
3504 6022.81
3505 6026.36
3506 6039.98
3507 6044.82
3508 6051.14
3509 6054.73
3510 6061.11
3511 6063.51
3512 6066.54
3513 6065.28
3514 6067.79
3515 6063.05
3516 6066.70
3517 6065.79
3518 6066.93
3519 6061.28
3520 6067.37
3521 6067.11
3522 6065.21
3523 6062.42
3524 6064.40
3525 6063.39
3526 6059.48
3527 6049.04
3528 6042.43
3529 6041.77
3530 6033.90
3531 6022.99
3532 3650.77
3533 3647.88
3534 3645.42
3535 3643.78
3536 3643.50
3537 3644.08
3538 3644.73
3539 3642.60
3540 3641.96
3541 3638.96
3542 5987.44
3543 5996.41
3544 6001.27
3545 6013.30
3546 6019.53
3547 6012.47
3548 6008.24
3549 5994.12
3550 5985.29
3551 5975.11
3552 5966.73
3553 5959.21
3554 5949.63
3555 5940.25
3556 5931.85
3557 5921.47
3558 5921.46
3559 5925.93
3560 5934.45
3561 5937.75
3562 5936.19
3563 5935.69
3564 5933.90
3565 5935.17
3566 5932.01
3567 5931.00
3568 5928.67
3569 5932.43
3570 5942.64
3571 5908.15
3572 5896.35
3573 5890.65
3574 5882.62
3575 5883.04
3576 5884.28
3577 5886.81
3578 5892.88
3579 5903.24
3580 5909.66
3581 5911.31
3582 5880.62
3583 5888.81
3584 5697.48
3585 5694.51
3586 5695.33
3587 5694.51
3588 5693.33
3589 5693.73
3590 5694.25
3591 5695.96
3592 5695.44
3593 5693.92
3594 5692.96
3595 5693.84
3596 5691.06
3597 5691.50
3598 5690.61
3599 5694.42
3600 5695.23
3601 5696.15
3602 5695.76
3603 5695.29
3604 5694.60
3605 5692.64
3606 5692.17
3607 5694.03
3608 5692.35
3609 5690.51
3610 5689.25
3611 5692.32
3612 5694.81
3613 5695.85
3614 5692.93
3615 5696.01
3616 5693.31
3617 5695.09
3618 5691.44
3619 5693.35
3620 5693.09
3621 5694.87
3622 5692.70
3623 5693.12
3624 5692.61
3625 5695.23
3626 5694.98
3627 5695.21
3628 5695.66
3629 5696.64
3630 5696.73
3631 5696.75
3632 5694.50
3633 5697.67
3634 5695.53
3635 5700.46
3636 5698.13
3637 5698.30
3638 5694.09
3639 5695.44
3640 5696.57
3641 5694.87
3642 5691.33
3643 5691.44
3644 5699.71
3645 5701.47
3646 5697.95
3647 5696.82
3648 5700.33
3649 5705.88
3650 5918.61
3651 5918.61
3652 5926.31
3653 5924.26
3654 5905.97
3655 5902.14
3656 5896.40
3657 5876.74
3658 5838.25
3659 5721.33
3660 5688.28
3661 5692.39
3662 5692.92
3663 5696.96
3664 5696.18
3665 5695.39
3666 5693.09
3667 5693.86
3668 5695.69
3669 5694.31
3670 5694.74
3671 5692.49
3672 5694.78
3673 5688.33
3674 5688.25
3675 5689.30
3676 5693.36
3677 5695.96
3678 5692.00
3679 5694.42
3680 5692.83
3681 5695.22
3682 5691.43
3683 5693.62
3684 5693.29
3685 5692.89
3686 5690.28
3687 5692.30
3688 5693.01
3689 5695.36
3690 5691.78
3691 5694.75
3692 5692.28
3693 5696.84
3694 5692.06
3695 5692.61
3696 5690.21
3697 5691.39
3698 5692.42
3699 5691.24
3700 5692.04
3701 5691.55
3702 5695.60
3703 5693.41
3704 5695.27
3705 5692.82
3706 5697.14
3707 5699.37
3708 5693.33
3709 5703.07
3710 5694.67
3711 5709.84
3712 5686.70
3713 5886.33
3714 6167.69
3715 5895.98
3716 5679.62
3717 5687.93
3718 5690.21
3719 5692.49
3720 5692.30
3721 5691.86
3722 5691.97
3723 5693.21
3724 5693.01
3725 5693.45
3726 5693.99
3727 5695.34
3728 5694.16
3729 5692.05
3730 5690.69
3731 5690.13
3732 5689.14
3733 5690.49
3734 5691.90
3735 5694.79
3736 5693.66
3737 5692.97
3738 5692.51
3739 5692.38
3740 5692.32
3741 5691.25
3742 5690.91
3743 5690.13
3744 5690.80
3745 5690.59
3746 5691.51
3747 5690.93
3748 5691.81
3749 5691.78
3750 5692.48
3751 5691.01
3752 5690.75
3753 5689.47
3754 5690.84
3755 5691.48
3756 5691.40
3757 5690.62
3758 5691.36
3759 5691.98
3760 5691.67
3761 5690.13
3762 5689.98
3763 5690.75
3764 5690.93
3765 5691.94
3766 5691.85
3767 5691.16
3768 5695.80
3769 5697.15
3770 5696.47
3771 5689.92
3772 5694.37
3773 5713.56
3774 5756.66
3775 5867.20
3776 5897.98
3777 5894.07
3778 5887.48
3779 5880.83
3780 5879.77
3781 5889.86
3782 5902.58
3783 5956.41
3784 5965.04
3785 5955.80
3786 5943.96
3787 6032.24
3788 6035.97
3789 6037.05
3790 6035.13
3791 6039.71
3792 6041.95
3793 6053.00
3794 6044.06
3795 6048.49
3796 6045.46
3797 6051.37
3798 6048.05
3799 6048.43
3800 6050.54
3801 6052.39
3802 6057.16
3803 6054.16
3804 6056.37
3805 6060.53
3806 6061.26
3807 6057.00
3808 6051.44
3809 6052.46
3810 6051.53
3811 6055.30
3812 6051.49
3813 6053.59
3814 6048.83
3815 6047.53
3816 6112.02
3817 6186.00
3818 6189.04
3819 6191.88
3820 6192.15
3821 6193.28
3822 6190.66
3823 6192.89
3824 6192.10
3825 6194.17
3826 6192.44
3827 6191.85
3828 6192.69
3829 6192.81
3830 6194.94
3831 6195.29
3832 6195.27
3833 6193.18
3834 6193.65
3835 6192.37
3836 6194.29
3837 6191.66
3838 6193.21
3839 6193.08
3840 6193.72
3841 6193.55
3842 6192.67
3843 6192.87
3844 6192.91
3845 6192.83
3846 6193.26
3847 6192.17
3848 6193.26
3849 6193.10
3850 6192.80
3851 6191.90
3852 6191.45
3853 6191.95
3854 6192.48
3855 6183.76
3856 6065.23
3857 6062.49
3858 6059.79
3859 6067.08
3860 6069.32
3861 6068.93
3862 6068.81
3863 6063.39
3864 6069.19
3865 6064.55
3866 6063.42
3867 6062.36
3868 6055.57
3869 6056.30
3870 6051.46
3871 6052.11
3872 6048.18
3873 6045.83
3874 6044.23
3875 6042.85
3876 6040.75
3877 6037.56
3878 6031.38
3879 6025.10
3880 6025.54
3881 6024.25
3882 6027.64
3883 6021.35
3884 6024.21
3885 6021.54
3886 6029.54
3887 6034.88
3888 6035.41
3889 6033.68
3890 6021.90
3891 6022.98
3892 6020.09
3893 6038.59
3894 6067.81
3895 6147.00
3896 5910.73
3897 5893.13
3898 5888.28
3899 5879.37
3900 5882.84
3901 5885.33
3902 5885.91
3903 5884.59
3904 5886.75
3905 5886.62
3906 5888.23
3907 5886.93
3908 5889.00
3909 5888.97
3910 5888.63
3911 5888.47
3912 5888.50
3913 5888.95
3914 5889.04
3915 5888.26
3916 5889.99
3917 5888.47
3918 5889.15
3919 5888.66
3920 5889.22
3921 5889.15
3922 5889.36
3923 5889.29
3924 5889.17
3925 5888.76
3926 5889.04
3927 5890.24
3928 5891.51
3929 5895.18
3930 5897.81
3931 5897.97
3932 5888.92
3933 5881.13
3934 5971.31
3935 5993.05
3936 6013.41
3937 6003.41
3938 6005.78
3939 5955.85
3940 5975.68
3941 5982.06
3942 5985.29
3943 5985.19
3944 5995.50
3945 5990.70
3946 5985.29
3947 5985.29
3948 5975.53
3949 5995.50
3950 6003.96
3951 6004.95
3952 6005.50
3953 6006.16
3954 6005.71
3955 6002.41
3956 5994.28
3957 5990.98
3958 5995.40
3959 5991.74
3960 5994.01
3961 5993.93
3962 5998.07
3963 6005.53
3964 6005.35
3965 6010.16
3966 6011.10
3967 6005.58
3968 6013.89
3969 6013.09
3970 6021.23
3971 6020.39
3972 6036.97
3973 6118.18
3974 6166.32
3975 6178.51
3976 6187.30
3977 6182.84
3978 6185.67
3979 6188.06
3980 6187.67
3981 6184.58
3982 6181.48
3983 6181.65
3984 6185.84
3985 6187.62
3986 6189.25
3987 6187.47
3988 6186.24
3989 6185.62
3990 6187.40
3991 6184.77
3992 6186.08
3993 4292.77
3994 4292.65
3995 4291.88
3996 4291.98
3997 4292.17
3998 4292.60
3999 4292.18
4000 4292.27
4001 4292.83
4002 4292.83
4003 4292.33
4004 4291.98
4005 4292.13
4006 4292.62
4007 4292.17
4008 4291.84
4009 4291.93
4010 4292.05
4011 4293.67
4012 4294.05
4013 4297.47
4014 3990.27
4015 3986.68
4016 3999.17
4017  0.00
4018 6374.57
4019 6378.78
4020 6381.24
4021 6382.24
4022 6384.05
4023 6385.68
4024 6387.49
4025 6386.24
4026 6382.36
4027 6381.24
4028 6381.02
4029 6380.20
4030 6378.86
4031 6379.75
4032 6383.32
4033 6385.39
4034 6382.09
4035 6378.28
4036 6377.23
4037 6381.37
4038 6382.74
4039 6381.44
4040 6378.47
4041 6380.36
4042 6379.98
4043 6380.14
4044 6374.67
4045 6371.36
4046 6374.36
4047 6377.59
4048 6376.94
4049 6374.72
4050 6374.47
4051 6376.60
4052 6378.62
4053 6376.43
4054 6380.20
4055 6378.85
4056 6388.51
4057 6397.25
4058 6396.55
4059 6384.38
4060 6365.43
4061 6347.06
4062 6353.92
4063 6219.38
4064 6199.75
4065 6191.02
4066 6194.99
4067 6194.99
4068 6220.33
4069 6295.56
4070 6358.92
4071 6371.60
4072 6373.95
4073 6373.29
4074 6369.42
4075 6373.50
4076 6371.60
4077 6156.41
4078 6090.24
4079 6070.15
4080 6058.14
4081 6068.74
4082 6069.68
4083 6069.19
4084 6068.24
4085 6079.46
4086 6090.24
4087 6103.42
4088 6103.42
4089 6090.24
4090 6080.37
4091 6060.65
4092 6063.25
4093 6055.28
4094 6067.92
4095 6061.56
4096 6062.61
4097 6056.71
4098 6061.96
4099 6072.16
4100 6065.55
4101 6080.34
4102 6081.48
4103 6089.99
4104 6075.68
4105 6068.53
4106 6077.86
4107 6074.46
4108 6085.92
4109 6079.46
4110 6101.10
4111 6123.01
4112 6321.42
4113 6321.02
4114 6071.30
4115 6054.90
4116 6048.29
4117 6046.53
4118 6045.28
4119 6053.64
4120 6050.40
4121 6050.26
4122 6049.70
4123 6051.77
4124 6049.20
4125 6049.13
4126 6046.66
4127 6049.54
4128 6047.89
4129 6048.61
4130 6047.23
4131 6046.46
4132 6045.82
4133 6043.14
4134 6043.26
4135 6043.14
4136 6042.32
4137 6041.34
4138 6040.77
4139 6040.52
4140 6039.89
4141 6038.82
4142 6038.50
4143 6036.90
4144 6034.84
4145 6033.49
4146 6032.18
4147 6032.08
4148 6030.29
4149 6025.62
4150 6021.24
4151 6019.05
4152 6020.14
4153 6020.76
4154 6020.16
4155 6018.70
4156 6019.46
4157 6017.70
4158 6015.87
4159 6009.23
4160 6006.13
4161 6009.37
4162 6013.43
4163 6016.97
4164 6010.21
4165 6010.89
4166 6010.52
4167 5996.29
4168 5905.03
4169 5877.91
4170 5871.48
4171 5869.42
4172 5869.08
4173 5872.36
4174 5870.72
4175 5874.72
4176 5886.33
4177 5892.57
4178 5915.43
4179 5706.56
4180 5696.49
4181 5693.93
4182 5691.77
4183 5690.15
4184 5690.53
4185 5691.87
4186 5695.61
4187 5696.01
4188 5695.49
4189 5694.82
4190 5697.45
4191 5696.96
4192 5696.44
4193 5695.64
4194 5695.56
4195 5695.32
4196 5694.05
4197 5693.66
4198 5692.40
4199 5694.15
4200 5692.67
4201 5693.10
4202 5689.40
4203 5694.53
4204 5692.75
4205 5694.27
4206 5690.46
4207 5693.52
4208 5702.01
4209 5713.96
4210 5811.05
4211 5277.86
4212 5202.40
4213 5186.05
4214 5184.35
4215 5184.77
4216 5183.43
4217 5181.55
4218 5180.89
4219 5181.57
4220 5184.34
4221 4985.17
4222 5686.51
4223 5705.88
4224 5704.77
4225 5744.14
4226 5705.14
4227 5692.65
4228 5694.01
4229 5691.40
4230 5692.93
4231 5690.66
4232 5693.36
4233 5696.46
4234 5697.65
4235 5696.13
4236 5695.32
4237 5697.38
4238 5698.16
4239 5696.17
4240 5693.10
4241 5690.38
4242 5688.33
4243 5689.95
4244 5691.46
4245 5695.15
4246 5694.65
4247 5693.53
4248 5689.74
4249 5691.13
4250 5691.47
4251 5695.03
4252 5691.59
4253 5691.22
4254 5689.74
4255 5691.17
4256 5692.70
4257 5691.69
4258 5691.43
4259 5691.63
4260 5694.11
4261 5691.63
4262 5691.58
4263 5688.37
4264 5691.85
4265 5692.01
4266 5692.72
4267 5688.30
4268 5689.57
4269 5691.45
4270 5692.32
4271 5690.53
4272 5688.96
4273 5690.25
4274 5690.81
4275 5691.83
4276 5687.46
4277 5692.48
4278 5690.77
4279 5693.46
4280 5687.81
4281 5689.40
4282 5687.65
4283 5687.93
4284 5686.27
4285 5686.64
4286 5686.93
4287 5690.81
4288 5691.23
4289 5690.83
4290 5685.24
4291 5689.55
4292 5693.06
4293 5695.31
4294 5687.10
4295 5682.89
4296 5685.45
4297 5691.86
4298 5696.48
4299 5690.78
4300 5683.29
4301 5684.40
4302 5688.46
4303 5694.68
4304 5690.06
4305 5686.41
4306 5685.88
4307 5690.97
4308 5696.64
4309 5690.55
4310 5683.17
4311 5684.14
4312 5691.92
4313 5693.47
4314 5691.35
4315 5683.13
4316 5689.83
4317 5691.02
4318 5693.50
4319 5691.10
4320 5688.02
4321 5689.01
4322 5688.78
4323 5688.78
4324 5687.16
4325 5689.81
4326 5689.64
4327 5693.89
4328 5685.45
4329 5690.60
4330 5689.95
4331 5693.47
4332 5689.47
4333 5688.48
4334 5684.55
4335 5690.57
4336 5690.65
4337 5695.07
4338 5688.09
4339 5686.53
4340 5689.67
4341 5690.17
4342 5691.63
4343 5691.30
4344 5690.46
4345 5689.51
4346 5690.87
4347 5685.62
4348 5686.34
4349 5690.06
4350 5694.39
4351 5691.47
4352 5691.67
4353 5695.55
4354 5698.22
4355 5697.42
4356 5694.51
4357 5693.24
4358 5685.91
4359 5693.22
4360 5693.91
4361 5697.86
4362 5696.15
4363 5692.78
4364 5697.00
4365 5696.58
4366 5693.03
4367 5690.14
4368 5689.99
4369 5692.13
4370 5694.51
4371 5694.58
4372 5695.33
4373 5695.91
4374 5690.26
4375 5694.19
4376 5694.10
4377 5682.44
4378 5682.44
4379 5682.44
4380 5682.44
4381 5688.22
4382 5689.49
4383 5692.56
4384 5692.39
4385 5691.87
4386 5691.87
4387 5693.10
4388 5693.44
4389 5694.11
4390 5693.08
4391 5694.92
4392 5694.46
4393 5693.42
4394 5690.80
4395 5689.66
4396 5688.80
4397 5690.39
4398 5691.90
4399 5694.78
4400 5693.91
4401 5693.18
4402 5692.35
4403 5692.12
4404 5692.22
4405 5692.12
4406 5690.99
4407 5690.41
4408 5690.22
4409 5690.23
4410 5690.70
4411 5691.03
4412 5692.06
4413 5692.26
4414 5692.34
4415 5691.09
4416 5690.95
4417 5689.59
4418 5691.42
4419 5691.54
4420 5691.18
4421 5689.89
4422 5690.30
4423 5691.68
4424 5691.86
4425 5691.12
4426 5691.00
4427 5690.94
4428 5690.85
4429 5690.97
4430 5691.63
4431 5691.21
4432 5697.14
4433 5696.34
4434 5697.19
4435 5688.31
4436 5694.82
4437 5715.21
4438 5765.61
4439 5876.74
4440 5893.75
4441 5893.92
4442 5886.44
4443 5882.28
4444 5878.76
4445 5888.92
4446 5907.46
4447 5961.71
4448 5960.56
4449 5954.63
4450 5951.14
4451 6048.59
4452 6036.66
4453 6037.05
4454 6033.40
4455 6039.14
4456 6041.78
4457 6051.59
4458 6044.83
4459 6048.35
4460 6047.60
4461 6050.49
4462 6048.21
4463 6048.12
4464 6052.75
4465 6052.58
4466 6056.22
4467 6052.98
4468 6057.00
4469 6058.95
4470 6063.31
4471 6056.73
4472 6051.94
4473 6050.28
4474 6052.00
4475 6054.81
4476 6053.27
4477 6052.71
4478 6049.06
4479 6046.66
4480 6112.20
4481 6187.16
4482 6190.28
4483 6191.13
4484 6192.36
4485 6192.74
4486 6191.34
4487 6192.95
4488 6192.57
4489 6194.73
4490 6191.50
4491 6190.82
4492 6192.26
4493 6193.35
4494 6195.60
4495 6195.40
4496 6194.93
4497 6192.41
4498 6193.93
4499 6192.65
4500 6194.71
4501 6191.89
4502 6192.66
4503 6193.14
4504 6193.77
4505 6194.08
4506 6192.52
4507 6192.44
4508 6192.93
4509 6192.84
4510 6193.59
4511 6192.11
4512 6193.46
4513 6192.27
4514 6192.71
4515 6191.96
4516 6192.30
4517 6192.14
4518 6191.62
4519 6166.29
4520 6070.58
4521 6059.92
4522 6060.57
4523 6066.33
4524 6071.08
4525 6068.38
4526 6067.07
4527 6063.93
4528 6069.44
4529 6061.77
4530 6062.76
4531 6062.16
4532 6056.63
4533 6054.68
4534 6051.57
4535 6052.65
4536 6049.36
4537 6044.43
4538 6042.42
4539 6040.39
4540 6042.31
4541 6033.14
4542 6032.07
4543 6024.67
4544 6026.31
4545 6023.80
4546 6027.57
4547 6024.62
4548 6025.48
4549 6024.33
4550 6026.78
4551 6034.04
4552 6032.43
4553 6035.31
4554 6021.95
4555 6023.81
4556 6026.51
4557 6038.78
4558 6080.29
4559 5593.67
4560 5908.09
4561 5891.73
4562 5887.33
4563 5880.17
4564 5883.52
4565 5885.59
4566 5885.37
4567 5884.69
4568 5885.90
4569 5887.01
4570 5888.56
4571 5887.68
4572 5889.33
4573 5887.80
4574 5888.87
4575 5888.10
4576 5889.71
4577 5888.97
4578 5888.99
4579 5888.04
4580 5889.49
4581 5888.57
4582 5889.09
4583 5888.51
4584 5888.94
4585 5889.00
4586 5889.51
4587 5889.46
4588 5889.36
4589 5888.77
4590 5889.18
4591 5890.13
4592 5891.96
4593 5895.23
4594 5897.76
4595 5897.39
4596 5888.55
4597 5884.24
4598 5985.29
4599 6005.78
4600 6011.99
4601 6005.78
4602 5995.50
4603 5965.04
4604 5985.29
4605 5985.29
4606 5985.29
4607 5985.66
4608 5986.04
4609 5990.59
4610 5975.19
4611 5982.34
4612 5976.63
4613 5995.50
4614 6001.40
4615 6006.56
4616 6006.63
4617 6006.86
4618 6005.51
4619 6001.19
4620 5991.51
4621 5990.74
4622 5997.15
4623 5995.50
4624 5996.99
4625 5992.75
4626 6005.78
4627 6004.30
4628 6007.12
4629 6009.67
4630 6016.11
4631 6006.26
4632 6011.89
4633 6015.55
4634 6023.50
4635 6020.87
4636 6048.45
4637 6134.07
4638 6167.41
4639 6182.85
4640 6188.49
4641 6183.80
4642 6185.40
4643 6186.86
4644 6187.86
4645 6184.42
4646 6181.47
4647 6184.61
4648 6185.76
4649 6187.64
4650 6188.12
4651 6186.33
4652 6186.09
4653 6185.80
4654 6184.25
4655 6185.62
4656 6183.91
4657 4292.81
4658 4292.63
4659 4291.70
4660 4291.74
4661 4292.33
4662 4292.50
4663 4292.20
4664 4292.35
4665 4292.91
4666 4292.70
4667 4292.14
4668 4291.91
4669 4292.41
4670 4292.55
4671 4292.14
4672 4291.81
4673 4292.05
4674 4292.37
4675 4293.46
4676 4294.39
4677 4297.14
4678 3987.59
4679 3987.59
4680 4000.98
4681 6378.19
4682 6378.19
4683 6378.19
4684 6381.19
4685 6381.42
4686 6384.53
4687 6385.65
4688 6388.17
4689 6386.75
4690 6383.15
4691 6380.05
4692 6379.76
4693 6379.91
4694 6380.41
4695 6380.35
4696 6383.28
4697 6384.06
4698 6383.17
4699 6378.31
4700 6379.24
4701 6380.06
4702 6382.31
4703 6382.45
4704 6378.99
4705 6378.16
4706 6378.45
4707 6378.66
4708 6374.84
4709 6370.44
4710 6374.58
4711 6376.87
4712 6376.64
4713 6376.22
4714 6377.15
4715 6376.43
4716 6377.97
4717 6378.59
4718 6382.76
4719 6380.11
4720 6380.69
4721 6382.80
4722 6395.63
4723 6384.38
4724 6371.84
4725 6346.33
4726 6358.92
4727 6221.92
4728 6194.90
4729 6193.60
4730 6192.82
4731 6198.77
4732 6217.62
4733 6307.54
4734 6345.92
4735 6358.92
4736 6371.29
4737 6379.82
4738 6384.38
4739 6374.44
4740 6321.42
4741 6132.40
4742 6090.24
4743 6056.81
4744 6058.44
4745 6059.61
4746 6070.61
4747 6066.74
4748 6070.71
4749 6079.92
4750 6090.58
4751 6097.46
4752 6097.46
4753 6076.89
4754 6076.96
4755 6063.57
4756 6066.09
4757 6059.89
4758 6066.98
4759 6059.31
4760 6056.98
4761 6057.30
4762 6062.62
4763 6075.47
4764 6067.70
4765 6079.29
4766 6079.82
4767 6082.61
4768 6074.98
4769 6069.51
4770 6090.24
4771 6075.33
4772 6090.24
4773 6069.23
4774 6100.48
4775 6134.07
4776 6321.42
4777 6381.49
4778 6074.11
4779 6054.50
4780 6048.28
4781 6043.92
4782 6045.26
4783 6053.40
4784 6050.68
4785 6049.94
4786 6050.13
4787 6051.50
4788 6049.44
4789 6049.15
4790 6046.82
4791 6049.04
4792 6047.89
4793 6048.50
4794 6047.61
4795 6045.75
4796 6045.99
4797 6043.62
4798 6043.66
4799 6042.39
4800 6042.21
4801 6041.12
4802 6040.84
4803 6039.73
4804 6040.11
4805 6038.96
4806 6038.74
4807 6036.49
4808 6034.50
4809 6033.46
4810 6032.19
4811 6032.16
4812 6029.64
4813 6024.85
4814 6020.60
4815 6018.77
4816 6021.21
4817 6019.76
4818 6020.13
4819 6018.59
4820 6019.84
4821 6017.45
4822 6014.99
4823 6007.95
4824 6006.73
4825 6010.16
4826 6014.34
4827 6016.61
4828 6010.45
4829 6011.50
4830 6011.21
4831 5993.32
4832 5897.00
4833 5877.31
4834 5869.62
4835 5868.13
4836 5868.49
4837 5873.38
4838 5872.90
4839 5875.87
4840 5882.56
4841 5905.68
4842 5925.24
4843 5701.35
4844 5694.68
4845 5694.02
4846 5691.62
4847 5690.80
4848 5690.74
4849 5692.43
4850 5695.41
4851 5695.47
4852 5695.41
4853 5695.75
4854 5697.78
4855 5697.09
4856 5695.23
4857 5696.19
4858 5695.90
4859 5696.17
4860 5693.44
4861 5694.15
4862 5691.89
4863 5694.43
4864 5691.27
4865 5692.74
4866 5690.92
4867 5694.73
4868 5693.72
4869 5692.77
4870 5690.58
4871 5696.15
4872 5702.49
4873 5713.38
4874 5792.73
4875 3985.88
4876 3985.88
4877 3985.88
4878 3984.61
4879 3985.27
4880 3983.22
4881 3981.41
4882 3980.35
4883 3981.97
4884 3981.97
4885 3785.13
4886 5689.31
4887 5703.86
4888 5705.11
4889 5716.70
4890 5705.42
4891 5691.97
4892 5694.16
4893 5690.84
4894 5693.28
4895 5690.29
4896 5693.56
4897 5696.36
4898 5698.07
4899 5695.61
4900 5695.62
4901 5697.65
4902 5698.63
4903 5694.59
4904 5692.56
4905 5690.20
4906 5689.41
4907 5689.28
4908 5692.02
4909 5695.24
4910 5694.82
4911 5692.30
4912 5689.27
4913 5691.24
4914 5692.66
4915 5694.79
4916 5691.95
4917 5690.99
4918 5689.72
4919 5690.32
4920 5692.28
4921 5691.06
4922 5692.25
4923 5691.88
4924 5695.06
4925 5691.12
4926 5691.03
4927 5688.07
4928 5691.99
4929 5692.66
4930 5691.91
4931 5689.03
4932 5689.48
4933 5692.41
4934 5691.90
4935 5690.31
4936 5688.77
4937 5690.24
4938 6885.68
4939 6891.73
4940 6892.35
4941 6892.17
4942 6887.12
4943 6890.48
4944 6889.09
4945 6888.30
4946 6883.78
4947 6887.80
4948 6891.40
4949 6893.40
4950 6888.14
4951 6882.92
4952 6886.78
4953 6891.86
4954 6903.93
4955 6892.85
4956 6886.44
4957 6887.05
4958 6884.63
4959 6888.64
4960 6891.70
4961 6893.42
4962 6891.69
4963 6886.04
4964 6886.06
4965 6889.42
4966 6892.84
4967 6888.93
4968 6885.25
4969 6883.99
4970 6891.79
4971 6893.73
4972 6894.11
4973 6883.98
4974 6883.74
4975 6887.98
4976 6895.61
4977 6892.86
4978 6886.37
4979 6883.82
4980 6890.35
4981 6896.95
4982 6891.38
4983 6887.42
4984 6884.23
4985 6889.60
4986 6892.09
4987 6892.39
4988 6886.73
4989 6888.08
4990 6887.61
4991 6892.53
4992 6889.19
4993 6890.45
4994 6889.41
4995 6889.66
4996 6889.28
4997 6891.81
4998 6888.70
4999 6891.52
5000 6888.30
5001 6890.12
5002 6884.12
5003 6889.05
5004 6891.21
5005 6892.57
5006 6888.42
5007 6889.02
5008 6893.15
5009 6890.87
5010 6892.05
5011 6884.63
5012 6884.71
5013 5689.61
5014 5695.54
5015 5693.51
5016 5693.36
5017 5692.76
5018 5696.19
5019 5695.40
5020 5693.40
5021 5692.89
5022 5689.75
5023 5692.86
5024 5696.28
5025 5695.96
5026 5697.95
5027 5691.96
5028 5694.48
5029 5694.05
5030 5693.64
5031 5691.68
5032 5692.06
5033 5691.86
5034 5695.06
5035 5695.97
5036 5695.29
5037 5694.74
5038 5689.44
5039 5693.66
5040 5695.81
5041 5695.95
5042 5696.85
5043 5692.79
5044 5697.13
5045 5694.40
5046 5693.15
5047 5694.15
5048 5691.09
5049 5694.69
5050 5694.13
5051 5697.98
5052 5695.75
5053 5692.47
5054 5694.23
5055 5702.82
5056 5704.54
5057 5696.20
5058 5690.80
5059 5703.93
5060 5709.43
5061 5730.10
5062 5793.08
5063 5793.08
5064  0.00
5065  0.00
5066  0.00
5067  0.00
5068  0.00
5069  0.00
5070  0.00
5071  0.00
5072  0.00
5073  0.00
5074  0.00
5075  0.00
5076  0.00
5077  0.00
5078  0.00
5079  0.00
5080  0.00
5081  0.00
5082  0.00
5083  0.00
5084  0.00
5085  0.00
5086  0.00
5087  0.00
5088  0.00
5089  0.00
5090  0.00
5091  0.00
5092  0.00
5093  0.00
5094  0.00
5095  0.00
5096  0.00
5097  0.00
5098  0.00
5099  0.00
5100  0.00
5101  0.00
5102  0.00
5103  0.00
5104  0.00
5105  0.00
5106  0.00
5107  0.00
5108  0.00
5109  0.00
5110  0.00
5111  0.00
5112  0.00
5113  0.00
5114  0.00
5115  0.00
5116  0.00
5117  0.00
5118  0.00
5119  0.00
5120  0.00
5121  0.00
5122  0.00
5123  0.00
5124  0.00
5125  0.00
5126  0.00
5127  0.00
5128  0.00
5129  0.00
5130  0.00
5131  0.00
5132  0.00
5133  0.00
5134  0.00
5135  0.00
5136  0.00
5137  0.00
5138  0.00
